/*--------------------------------*- C++ -*----------------------------------*\
  =========                 |
  \\      /  F ield         | OpenFOAM: The Open Source CFD Toolbox
   \\    /   O peration     | Website:  https://openfoam.org
    \\  /    A nd           | Version:  9
     \\/     M anipulation  |
\*---------------------------------------------------------------------------*/
FoamFile
{
    format      ascii;
    class       labelList;
    note        "nPoints:4068  nCells:3760  nFaces:13313  nInternalFaces:5487";
    location    "constant/polyMesh";
    object      neighbour;
}
// * * * * * * * * * * * * * * * * * * * * * * * * * * * * * * * * * * * * * //


5487
(
57
208
3194
27
2416
3265
28
2415
3266
101
588
1546
47
149
2368
34
367
2672
19
526
1244
12
385
3492
13
389
3514
52
648
2251
38
438
2606
46
680
2196
2035
2555
2034
2556
51
159
3728
40
785
3584
30
859
1383
31
860
1384
61
3124
3257
522
2533
80
390
496
112
1403
1776
137
314
3195
32
3517
3523
96
2678
2983
107
327
2188
93
2713
2742
225
879
226
878
69
2272
3499
2062
2785
2063
2784
1123
1919
70
2375
3561
488
826
71
2429
3578
185
345
2900
42
2256
3054
1539
3297
56
68
513
201
1283
66
550
1248
187
810
68
1815
2428
205
324
1729
160
321
474
212
1217
241
1055
158
583
2937
190
289
2763
203
466
734
3325
487
762
175
250
1293
91
225
2518
92
226
2519
123
1667
1154
2385
60
622
2313
67
77
2569
195
2782
630
2286
117
156
2463
142
171
817
162
410
1570
150
433
495
227
2925
88
2436
1077
2393
3536
331
1768
332
1769
79
3068
3114
116
413
3272
109
391
1789
326
361
776
177
299
3422
996
1837
174
375
1190
230
597
2586
3132
120
2434
2641
145
734
999
204
507
2548
94
579
2839
182
301
908
192
272
1454
224
644
359
1382
128
132
140
103
1122
2421
348
1429
349
1432
211
2332
1372
3193
143
420
1231
718
1400
129
157
2232
139
2656
2962
110
119
3021
136
1820
2101
444
1140
191
387
2947
3486
130
797
2571
123
229
835
183
633
1449
114
1886
122
470
1118
1394
3320
1064
1321
131
172
2251
612
2956
294
403
723
161
1258
279
579
2762
652
2940
2524
3285
287
354
1858
163
3353
967
3390
309
501
2469
499
2692
1174
223
436
2073
140
1450
3252
245
518
1250
233
714
1980
346
3431
491
1796
384
3428
453
1703
242
2855
170
1229
1517
138
1060
2494
144
321
2293
200
3629
1206
3462
680
1936
652
2929
2627
318
339
240
250
2686
3536
502
3607
269
2225
198
239
2232
151
2811
2971
152
2810
2972
548
1063
2512
3487
365
2271
364
2270
196
3248
3542
220
517
3549
168
232
2590
795
3056
300
1653
875
3221
338
662
2476
3569
2707
3525
2283
3631
180
1604
178
1011
3261
222
395
1912
180
382
2461
367
421
1225
550
3469
267
444
981
340
1933
288
1595
708
1632
433
442
1924
2935
3075
1404
1549
201
592
1009
1004
3149
1606
3511
280
513
2758
1389
212
590
1049
354
3009
2911
3278
215
527
1552
2891
3699
208
1012
3201
207
613
251
1124
1289
256
1281
2292
2615
3558
192
1706
1461
237
1445
1481
200
1960
2384
210
2426
1638
3534
412
1516
2920
771
1137
218
718
2685
3108
2324
209
446
849
738
2243
2732
3286
524
1320
455
1766
2290
323
1869
3223
661
3150
840
1308
451
1116
2340
276
1102
2203
404
417
1990
298
3199
235
2274
3139
277
504
777
584
1852
298
2402
2923
2273
3486
489
2241
2328
985
2045
1881
3204
645
2244
2346
2345
338
894
542
548
799
450
882
467
3046
255
256
2617
411
803
1088
3446
405
813
2258
690
3125
244
2835
2846
1894
2497
281
2578
3479
300
1295
296
1404
549
1645
618
2022
578
697
725
704
1848
254
3140
248
1593
1825
351
1064
1528
2731
3245
273
421
3274
1581
1693
2630
604
706
709
270
739
3281
483
865
2546
3145
2862
368
1700
1875
352
516
830
262
1097
2828
311
928
2927
415
738
1476
2444
2671
357
376
427
285
521
1584
286
520
1583
581
659
3354
629
1705
282
430
1961
302
3093
2567
3122
312
1160
1547
339
1428
394
1639
355
1521
2761
278
1195
1994
3337
3348
390
2065
603
1166
814
1729
1815
3052
2192
2663
2830
2845
334
1296
1404
335
2647
3292
2950
3173
2951
3174
2757
572
672
395
1890
498
671
3334
431
645
1838
429
3426
371
534
2264
544
2870
503
770
2477
2007
3574
666
2770
3251
2910
735
3097
2208
660
806
1655
2844
409
1626
2777
438
1840
3279
382
2737
3556
386
388
471
318
337
1428
543
764
2329
583
2978
360
1827
2659
2986
3077
2790
2935
647
1211
1656
2875
3308
425
1687
2814
325
755
1995
576
852
3548
1736
401
1326
2464
448
482
2864
768
328
2621
3620
329
998
814
2418
441
2947
794
1870
1606
3749
1776
2030
566
896
394
563
900
364
2295
365
2294
383
674
1379
387
1461
3273
3692
374
456
1177
2695
2781
3095
1706
380
3135
435
1612
1916
445
1573
1849
376
688
1252
388
682
1282
647
2638
369
1114
370
2092
2208
635
636
681
780
2854
786
844
774
798
553
618
1082
1971
2184
3188
384
580
640
589
2994
493
727
1305
398
2288
481
1571
830
3384
595
1940
2326
557
877
920
2704
2705
424
464
1170
2673
1002
1257
624
1332
1295
2371
410
747
613
1367
3283
461
2547
3738
3239
3299
1547
1700
3316
393
2547
2734
488
2655
3260
453
1765
2635
2197
3033
439
1760
2961
3353
522
3399
3185
1998
3737
587
3186
1860
3319
1997
3736
850
452
2194
545
3350
3689
984
2269
1225
936
437
695
1057
615
730
1561
1723
1726
457
829
1227
462
1972
2938
436
3676
497
1537
1837
1165
2016
459
2600
2433
3250
471
3380
3630
546
930
2806
736
1074
1984
2959
3710
2051
686
1027
1299
1446
1185
3232
1004
2535
3039
743
975
888
1625
3589
3168
3407
591
2598
3299
732
1678
3639
599
692
3019
491
1813
2634
457
569
1024
1147
3330
2966
3716
434
2691
3321
432
443
530
758
811
2781
2944
556
1220
742
861
2736
3685
1672
2677
3553
1068
2449
3214
1397
1716
2605
873
1303
469
1878
2313
2355
3486
798
2491
3392
3618
1843
646
1469
525
1588
458
1242
2006
455
514
486
791
1085
911
942
3097
3422
2237
3178
2267
540
1618
3407
693
552
1025
2694
2480
2660
510
2597
1194
2044
2699
1010
3346
2836
3214
512
869
1237
627
1119
585
1244
3142
3092
3491
655
1328
920
1251
1587
616
1669
1023
1716
547
636
1318
635
1319
503
1207
540
676
737
617
1389
2010
480
1400
3224
664
1304
2544
619
1159
2997
649
801
619
620
2884
3739
2992
3098
485
869
1253
489
3144
501
1128
541
2984
2619
780
593
598
3008
2252
512
2882
3505
532
737
638
1756
3210
775
798
700
2588
990
1751
1836
3702
2193
3317
705
2717
3570
875
732
1209
2021
614
1145
675
684
943
805
912
2180
2843
3085
679
1651
3276
596
668
3022
1785
3325
519
2889
3524
3144
3415
1040
1298
549
1578
1646
2491
3576
545
987
1532
2695
538
2954
937
1440
938
1439
847
661
1405
1917
858
2005
994
1807
2250
3349
543
1201
573
1221
1440
574
1220
1439
531
721
623
723
745
890
687
719
944
555
1361
650
1026
1825
637
647
3699
538
1518
2342
3483
701
946
2934
3168
1232
2847
1055
1624
3233
1804
2038
2885
3197
3451
2764
3680
3385
2361
2591
641
3069
3553
951
1041
1544
2258
932
1032
2874
594
2051
711
788
653
1995
625
663
1241
2443
2575
3049
642
1504
1848
790
1794
3289
814
1387
3482
948
1385
867
2077
3564
868
2076
3563
960
1413
607
2556
2752
608
2555
2751
1036
1144
747
1460
1570
615
753
973
621
751
787
884
788
883
729
989
1009
2572
3661
720
1001
1049
849
1266
2840
740
949
1476
3165
760
3036
3270
2977
927
1400
625
1437
639
928
3562
596
717
3355
3745
593
702
1061
1219
1880
2428
1075
1279
1956
1233
1522
1895
3277
2031
807
1080
2994
3300
1335
1767
657
1462
2681
1149
1854
3419
670
1078
2805
1119
1147
873
1262
610
1155
1797
678
750
1042
3116
3759
3117
3758
660
1457
2716
910
992
691
1449
2949
643
3510
3438
846
1072
739
622
651
3305
3327
1114
1921
1133
1939
1037
1234
1371
1105
1391
1106
1392
862
1052
1421
1797
1022
1260
1226
1280
3035
1140
1173
923
1093
1131
1285
3727
785
1712
2473
1424
1748
786
966
991
2964
2965
1210
3606
803
3063
2895
3522
716
3058
692
3361
802
812
2018
3590
3206
3501
974
664
733
708
2263
901
927
843
889
1189
1525
757
2921
3709
744
1258
1606
807
815
689
1051
1402
1559
1893
853
2385
3027
743
3209
1971
2064
841
999
1090
1270
1631
761
1322
1464
3390
3502
783
2956
3510
3186
3262
898
1627
2527
816
941
2697
3473
1125
1563
912
913
3119
1100
1244
851
1033
890
899
724
1240
3345
905
915
3286
3398
3393
2741
3732
808
1093
828
923
3209
906
3623
799
1792
1883
1775
3555
831
986
800
1080
698
1243
1824
1941
1862
3200
3202
781
3126
1082
1970
3015
1023
1327
1459
2427
3447
3150
3744
1364
1368
1782
2897
3386
2065
2790
848
1028
1252
1930
801
1565
1638
802
1221
2934
3253
2961
3713
1020
1104
1303
3100
789
1526
1012
1218
1781
784
811
862
1008
2714
1053
2229
3698
2714
3040
840
1436
2408
953
982
1282
1979
2933
760
1555
1061
1062
1015
1047
1016
1046
1332
2993
1067
1068
804
1550
973
1007
2780
955
957
823
1425
2350
1075
1076
969
970
801
987
1184
3293
1095
1757
1785
1322
1483
1128
1311
3376
1642
2780
864
953
1306
1482
3196
1328
1409
1418
1011
1019
902
955
870
1149
1251
2284
809
1316
2317
931
1180
1651
1890
2872
806
817
1161
1317
1487
916
969
824
1140
1582
877
1268
939
1237
3091
1344
1490
1224
2993
1151
1243
3090
3335
3097
3212
1346
1506
956
1408
2218
1333
1491
1345
1492
1552
1344
1494
2929
1336
1493
3170
1338
1495
1346
1496
2263
1351
1497
1348
1503
1350
1499
1560
1351
1500
1814
1342
1498
1342
1501
1352
1502
1043
1070
812
1046
1112
811
1047
1113
796
870
1298
934
1268
2947
1467
1601
1224
1961
2349
1828
802
1112
1113
950
1359
1908
3723
1078
1292
2026
2275
3666
939
1299
1774
1214
2092
1050
2696
1039
1253
2792
3058
2783
1376
1983
3064
947
1395
968
1370
1896
1376
1388
2011
1356
1375
998
1387
1688
1415
2221
1409
2066
917
3254
908
917
924
1261
821
1023
1259
902
909
1274
1150
1744
948
952
1196
863
1451
961
1447
960
962
1179
832
2180
965
1005
1174
1418
2074
1421
3597
1212
891
3335
968
1225
952
989
1694
924
961
1828
965
1000
962
1001
1792
909
958
1843
976
1013
1155
980
1014
1158
2254
894
944
1002
1006
1145
1024
1593
1018
1321
891
947
1312
1006
1026
1831
2683
887
3253
983
1043
1141
946
1598
1561
2760
1130
2341
887
950
1369
1728
3072
3394
872
914
1442
1165
2870
3720
1657
2842
3103
3373
3104
3374
1182
2059
1088
872
876
876
1425
1035
1548
949
1416
3185
3176
3602
3129
3599
1830
3128
3352
2009
993
916
919
1419
1078
1468
1432
1530
1429
1531
1155
1187
1524
919
971
1945
995
1667
886
1603
885
1602
1030
3364
1031
3363
1526
3368
3405
1163
1169
1272
1550
1026
1169
1171
1014
1187
1193
1555
1024
1163
1222
1179
1223
1025
1172
1228
2240
2904
933
1291
968
1330
1184
1752
1574
1043
1167
1216
998
1223
3482
1362
1413
3405
3743
1196
1246
1385
2007
2219
1013
1254
1000
1381
1373
972
1374
1108
1455
985
1386
1489
3315
988
1246
1247
2052
1301
1583
2381
1302
1584
2382
1388
1582
1001
1271
1883
1229
1435
3225
1718
1278
1099
2216
2661
1277
3345
982
1572
1141
1167
1567
3168
3067
989
1286
3414
1648
2367
1411
3079
1410
3080
1614
1622
3608
1261
1292
976
1524
1029
3412
997
1109
1829
2646
1038
1017
1623
1087
1056
1158
1193
2303
1117
955
1274
1309
1132
1134
963
3084
981
2866
1415
1423
2037
1647
966
2312
1309
1314
1313
1314
1539
1390
1329
1353
3346
1084
1091
2760
1104
1512
1616
3417
1143
1182
1748
1423
2070
1663
1182
1424
1968
1690
2023
2384
2199
2663
3672
1077
1667
1366
1152
994
1139
1010
1743
1890
1312
1357
2998
1639
1985
996
1779
1018
1689
1052
1597
1020
1204
1812
1014
1524
1111
1357
1360
1360
2550
1547
1069
1464
3227
2990
1670
3423
1787
1188
1435
1241
1267
2303
1101
1159
2767
2322
1199
1391
1200
1392
1401
1866
1094
1178
1522
1845
1081
1110
1821
1081
1412
3331
1393
1756
1369
1406
1393
1399
1301
1674
1302
1675
1191
1566
1399
1405
1070
1216
1579
1250
1484
1222
1610
1125
1786
1405
1406
1611
1600
1228
1590
1869
3438
1220
1410
2845
1221
1411
2846
2632
2633
1052
1227
1617
2312
1073
1747
1316
1433
2350
2986
1254
1578
1644
1641
1452
1891
1120
1138
1510
1558
3373
1511
1557
3374
1217
1659
1662
1271
1664
1520
1657
2637
1283
1654
3406
1269
1363
2257
1277
1672
1681
1157
1072
1120
1327
1460
1171
1287
1474
1294
1666
1683
1286
1684
1880
1604
1671
2228
1935
1569
1504
1407
1444
1458
1419
1456
1311
1685
1300
1692
2010
1425
1465
3142
1110
1378
1417
1138
1397
1456
1458
1186
1250
1545
2523
1315
1711
1378
1480
1190
3023
3435
1665
2342
1329
1447
1737
1156
2029
1437
1441
1353
1740
1533
3535
1146
1236
1354
1509
2016
3431
1366
1723
1750
1475
1523
1175
1999
2181
1382
1778
1931
1932
1307
1125
1263
1543
2848
2989
1468
1508
1259
1919
1129
2242
1395
1401
1772
3067
3321
1127
1868
1481
3290
1488
1795
3289
1259
1527
3437
1412
1427
1154
1239
3552
3645
1148
1275
1288
1455
1289
3060
1284
1483
3149
1619
1690
1960
1198
2980
1650
1426
1808
3442
2305
3023
3649
1489
1515
1227
1615
1160
2778
2843
1622
1153
1581
3126
1327
1589
1380
1402
1508
1521
1293
1408
2767
1273
2203
1446
3263
1177
1519
2065
2044
3232
1267
1470
1679
1872
1359
1452
1810
3304
1427
1445
1865
1453
1803
2192
2465
1474
2696
1871
1875
3383
1447
1734
3415
1285
1926
1263
1323
1563
1880
1519
1535
2513
1521
3220
1341
1482
1728
1717
1719
2767
2273
1317
1490
1331
1355
2310
1515
1529
1256
1512
2592
3401
3562
1241
1397
1434
1887
1339
1487
1215
1895
2338
1281
1294
2018
1208
3047
1318
1319
1333
1492
1334
1494
2525
1347
1491
2875
1472
1853
1337
1496
2471
1347
1493
1338
1497
1337
1503
1349
1495
1340
1500
1340
1499
1352
1498
1350
1501
2512
1343
1502
1445
1448
2446
1219
1696
1719
1661
2302
1907
1862
1836
1841
1879
1529
1488
1801
2660
1859
3747
1334
1506
1535
1585
1823
1896
1551
2843
3425
1580
3399
1925
1941
3351
1717
2319
1612
3708
1488
1802
1443
1275
1289
1323
1911
1648
1912
1555
3544
1364
1541
3391
2690
1901
1267
1434
1473
1509
1877
1787
2731
1963
1310
1474
1478
1359
1472
1365
1448
1466
3228
1276
1855
1906
1395
1426
1974
2274
1437
1438
1910
1574
1635
1533
1951
1505
1658
1868
3268
1924
1416
1465
1283
1682
1442
1475
1984
2702
1536
1946
1929
1575
2395
1523
1920
1396
3514
3736
1635
1892
1964
1331
1938
2372
2004
3574
1371
1525
1904
1944
3109
1900
1899
1945
1365
1693
1840
3082
1859
1504
1688
1371
1605
1978
1569
1575
1955
1477
3386
3457
2897
1962
2821
1368
2633
2632
1390
1670
2821
1693
1430
1531
3474
1431
1530
3475
1881
2703
1977
1623
1709
1422
1688
3361
1676
1577
3171
2371
1889
2372
1678
1982
1551
1886
1408
1484
1433
1630
2015
2017
2261
2647
3093
1585
2086
1647
1727
2534
3139
3559
1844
1992
2256
3137
3500
1513
1709
1712
1670
1729
1712
1714
1713
1714
1470
1473
2668
1380
1518
1665
1469
1580
1673
1463
1663
1746
2014
1430
1558
1431
1557
1639
1727
2540
3081
2676
2228
2842
2054
3228
3277
3595
3681
1542
1981
3410
2536
2042
1568
2622
3050
2064
2760
3099
2662
3467
3466
1534
1869
1485
3492
3737
1544
3421
1735
2771
2665
1621
1963
2051
2867
3669
1454
1549
1642
1562
2067
1894
1532
1759
2323
3521
1605
2089
1650
1701
3363
3364
1673
1701
1451
1540
3559
2082
3309
3583
2211
2855
3707
2229
2090
2717
3481
1545
1571
2087
1784
1896
2442
3195
3635
1826
1549
1732
1855
1643
1798
3077
3320
3531
2187
2809
1715
1821
1697
1935
3068
3641
2177
1847
2195
3102
1537
1866
1528
1828
1553
1596
3492
1735
2226
3583
3358
3596
3688
1559
3409
3600
1754
1546
1843
1640
2248
2697
2184
2215
2751
2752
1669
1588
1891
1774
3235
3724
2198
1774
3485
3231
3509
1874
2234
1746
2550
1963
2492
2222
3461
1744
1817
1964
3135
1545
2272
1573
1821
2557
2831
3061
2015
1631
1757
2268
3084
2444
3587
2386
3704
1798
1897
1806
1954
2022
1978
2237
2376
3328
2188
3429
2800
1564
2801
1626
1721
1722
3638
1656
3226
3122
2038
2211
1658
1660
3514
2212
2998
1865
1937
1990
2225
1643
1759
2562
2242
2009
3044
3058
1894
2739
2231
1687
1741
1742
2750
2831
2322
1871
1957
2214
1595
3355
3364
3363
1805
1721
2337
2777
1854
2921
2064
1826
2304
1887
3497
1790
2270
2825
1791
2271
2826
2694
1817
1943
3071
1658
3518
1901
1986
2541
3405
1817
1868
2109
2884
3252
1616
1713
1931
2000
1932
2001
2821
2255
1907
2005
2418
1923
2503
1922
2412
1989
1991
2741
3267
3183
1624
1910
2013
2353
3634
1991
1996
2030
1986
1996
2837
3731
1788
2398
1924
2033
2806
1760
1945
1994
2049
1883
2584
3743
3031
2075
2261
1900
1958
3507
1899
1959
3508
1847
2193
1844
2040
3031
1741
2373
2814
1929
2041
2494
2320
1793
3567
1668
3568
3224
2729
3334
2013
2025
2221
1973
2028
2260
2025
2027
2027
2028
2078
3371
1694
1936
3414
2036
3519
2719
3036
3592
2058
3048
1944
2061
1892
2050
2851
3385
2041
2046
3512
2046
2047
2047
2048
2088
2048
2266
3090
1955
2071
1816
3129
2052
1962
2079
2060
2462
2000
2346
2001
2345
2952
3295
1686
2872
3686
2952
2714
2901
2401
2458
2060
2081
2061
2068
2068
2069
2069
3016
1964
2637
3283
3438
3048
1977
2095
2383
2079
2083
3496
2083
2276
2338
1788
2008
2399
2374
2713
2317
3034
1839
2832
2098
2833
3435
2262
2245
3539
2786
3730
1836
1867
3420
1992
2179
2979
2992
2828
2922
2349
2249
2386
2095
2281
2352
2853
1827
2009
2323
2974
2278
2316
2670
1783
2392
2405
2040
2406
2866
1793
1839
1789
2194
2014
2191
2358
3718
1972
3551
3752
1777
2424
2881
2364
2552
1908
2756
3447
2179
2186
2407
3547
2186
3025
1958
1965
3532
1959
1966
3530
2189
2293
2419
2058
2420
2189
2204
2417
2188
2725
3696
2368
1933
3285
3206
1751
2042
2210
2191
2448
1866
2316
2339
2081
2411
2449
1878
2052
2021
2454
3251
3412
2388
2004
3264
2507
2087
1903
3045
3246
1934
2954
1783
1833
1870
2420
3156
2973
3730
2864
3203
1859
1965
1987
1966
1988
2294
2971
2295
2972
2067
2829
2181
2254
2771
2054
3036
2624
2093
2439
2213
2453
2210
2213
1789
1861
2816
3455
3254
3653
2423
2300
2628
1990
1954
2233
1825
3369
1915
1952
1914
1953
2513
3176
2223
2224
2224
2227
2899
3725
2310
1874
1807
2090
2240
1833
1902
3303
3360
2227
2239
2082
3570
1846
2993
2299
2534
1844
2432
1891
2236
2311
1861
1940
2177
3115
2204
2269
2479
2236
2240
2955
3725
2477
3606
3051
2098
1952
2247
3153
1953
2246
3154
2730
3026
1902
1980
2233
2300
3298
3528
2460
2184
3001
3288
2308
2580
3640
3678
2219
2288
2866
3633
1914
1997
3503
1915
1998
3504
3440
2703
3086
2666
3084
2195
2289
1940
2055
2215
2282
1862
2211
2692
1970
2497
2544
2006
2239
2528
2524
2909
3112
2278
2724
2282
2327
3472
3638
2057
2710
1980
2096
2486
2004
3277
2265
3181
2343
3180
2389
2287
2289
2485
2414
2356
2441
2057
2100
2889
2117
2265
2429
2222
2531
2198
2117
3057
3187
2055
2353
2376
3096
3178
1934
2100
2214
2445
2230
2563
3450
2698
3187
2225
2217
2712
3228
1973
2259
2096
2250
2200
2201
2451
3040
2332
2715
2255
2354
2101
2315
2545
2109
2364
2510
3566
2197
2231
2309
2457
2235
2501
2235
2343
2375
2034
2035
2285
2976
2536
3717
3005
3016
3708
3317
2325
2347
2234
2365
2077
2721
2076
2722
2348
2370
2755
3288
3080
3173
3079
3174
3476
2723
2841
2819
2820
2395
3215
3316
2824
2440
2927
2097
3590
2347
2365
3366
2443
2664
3147
2369
2417
2467
2362
3272
2370
2387
3366
2298
2950
3579
2297
2951
3580
2250
3123
2377
2380
3643
3642
3533
2969
2723
2987
2248
2459
2379
2378
3726
3200
2470
2744
2743
2363
2447
2561
2680
2003
2039
3650
2558
2745
3413
2657
2387
2410
1998
2291
3599
1997
2277
3602
3464
3498
2749
2794
1993
2626
2476
3550
2690
3684
2546
3230
3371
2876
2280
2704
2279
2705
2023
2488
2898
2333
2259
3610
2326
3470
2483
2362
2653
2518
2519
2209
2391
3494
2393
2727
2484
2684
3408
2967
3443
3496
2702
3682
2412
3484
2890
2351
2849
3554
2391
2394
3050
2401
3106
2682
3105
3569
2648
2302
2257
2410
2701
2489
2957
3635
2869
2490
2377
2669
2956
2749
3003
2363
2463
2491
3459
3116
3117
2242
2283
2648
2720
2561
2481
2708
3258
2772
3184
2541
2717
3368
3648
2540
2746
2495
2865
2496
2303
2324
2320
2404
2503
3477
2766
3608
2758
3375
3546
2217
3294
2662
2680
3487
2912
3474
3712
3475
3711
2668
3217
2480
2499
3382
2665
2720
2097
2500
2682
2877
2209
2651
2676
3203
2394
2654
2452
2435
2312
2340
2916
2526
3159
2754
2674
2502
2463
3112
2526
2539
2431
2652
2658
2322
2361
2521
2537
2871
2539
2548
3156
2509
3158
2787
3113
2504
3446
2737
2773
2548
2554
3604
2301
2554
2564
2564
2565
2566
2793
2566
2567
2565
2568
2567
2570
2568
2571
3042
2570
2572
2571
2574
2574
2575
2572
2576
2575
3147
2576
2577
2577
2578
2731
2578
2579
2580
3148
2580
2581
2579
2582
2581
2583
2582
2584
2584
2585
2583
2586
2585
2587
2586
2588
2588
2589
2587
3063
2589
3074
2590
3064
2590
2591
2592
3075
2592
2593
2593
2594
2591
3189
2594
2596
2595
3190
2595
2597
2596
2598
2598
2599
2599
3051
2597
2600
2600
2601
2601
2837
2602
3052
2602
2603
2603
2839
2604
2838
2604
2605
2605
2606
2606
2608
2607
2840
2607
2609
2609
3136
2608
2610
2610
2611
2611
2977
2614
2978
2612
3137
2612
2613
2613
2615
2619
2672
2614
2617
2615
2616
2616
2620
2618
3191
2673
3192
2617
2862
2622
2863
2619
2623
2621
2624
2623
2625
2622
2624
2621
2625
2618
2620
2487
2296
2542
2636
2508
2655
2562
2928
3169
2759
3175
2407
2408
2537
3344
2352
2450
3607
2427
2650
2796
2511
3309
2507
2475
2706
2358
3256
2395
2939
3099
3309
2345
2415
2346
2416
2454
2456
2770
3329
2517
2456
2466
2735
2458
2759
2450
2461
3556
3294
3413
3318
3341
3542
2514
2707
2530
2799
3329
3411
2472
3358
2739
2466
2493
2639
3092
2505
2756
3308
2520
2388
2678
3668
3496
3035
2740
3273
2776
2498
3029
2775
2746
2527
3098
2296
2485
2645
2532
2854
3217
3102
3086
2366
2769
2279
3104
2280
3103
2446
2769
3391
2516
2498
2640
2672
2673
2868
2718
3136
2299
3015
3523
2337
2451
3076
2283
2728
2813
2652
2711
3667
2373
2457
2516
2642
2432
3236
3032
3153
3154
2515
2421
3366
3170
3295
2424
2467
2435
3736
3338
2784
2785
2468
2470
2529
2460
2711
2881
3158
3209
3354
2301
2522
2896
3017
3332
3624
2452
3737
2863
3050
2476
2359
2360
3340
3180
3181
2431
2808
3088
2441
2417
2768
3331
3383
2930
3124
3114
3307
2886
2895
2426
2782
2445
2480
2684
3424
2353
2447
2753
3527
3312
2936
3025
3055
3738
2823
3301
2859
2344
2817
3020
2692
2349
2549
3594
3608
2487
2740
3326
3619
2875
3155
2909
3113
3359
2930
3165
2679
2448
2700
2440
2986
3356
2995
3680
2996
3685
2390
2501
2421
2788
2358
2823
3007
2922
3675
2438
2885
2538
3333
3538
3077
2453
2709
3062
2505
3302
2817
3549
2465
3083
2459
2573
2697
2429
2375
2368
2940
3056
2892
3347
2807
3616
2763
2779
2551
2816
2629
3516
3516
2400
3207
3455
3358
2946
2415
2860
2416
2861
2515
3394
2797
3507
2798
3508
2488
2635
3433
3314
2945
2748
3652
2446
2729
2490
2634
2482
2945
3585
2686
2942
2995
3179
2996
3162
2635
2642
2642
2907
2496
2636
2830
3429
3665
2501
2824
3575
2436
2569
2634
2640
2640
2908
2789
2771
2450
2968
3677
2988
2509
2638
3681
2456
2891
3024
2465
2747
3482
2636
2645
2645
2424
2502
2639
2883
3238
2787
3359
3703
2868
2957
2599
2468
2504
2641
2675
3248
2928
3111
3055
3216
3681
2896
2523
3257
3670
3004
3028
2639
2914
2729
3433
2658
2674
3421
3090
3669
3646
2795
3158
2985
3688
2803
3030
2511
2643
2795
2991
2850
2747
2880
3327
2707
2728
3171
2970
3002
3365
3145
3437
3006
2813
3047
3060
3096
2853
3721
2514
2803
3362
3177
3030
2643
2650
3032
2650
2917
2827
3439
2651
2923
2959
2981
2783
3385
3389
2745
2873
3449
2973
2960
2966
2955
2549
2706
2982
3218
3414
2913
2958
2953
2630
2980
2976
3183
3021
3353
2982
3688
3216
3348
2527
2654
2684
2657
2700
3167
2900
2513
2783
2709
3226
3130
3146
2984
2903
3293
2964
2965
3155
3280
2718
2827
2545
3001
3319
3231
2847
3157
3678
2654
2924
2543
2799
2531
2799
3208
2910
3323
2683
3123
2557
3613
3706
2766
2631
3125
3298
3085
3256
2934
2953
3460
2661
2740
2630
2646
3437
3167
3427
2842
2768
3306
2932
3182
2653
2962
3234
2732
2800
2801
2775
2835
3241
2646
2653
2753
2669
2938
3551
2858
2776
2661
2669
3152
3691
3281
2792
2844
3548
3205
3626
3428
3672
2663
3557
3352
3589
3657
3705
3210
2790
3023
3649
3654
3526
3407
2758
3546
3279
2762
3436
3054
3644
2937
3283
3686
3145
2763
3402
2779
3260
3673
3065
3600
3431
2856
3151
2902
3659
2689
2933
2819
2820
2969
2851
3502
3163
2656
2967
3157
3494
2852
3082
3279
3695
3665
3087
3119
2915
3211
3674
2997
3188
2829
3598
2886
3522
3571
2688
2822
2711
2999
3059
3326
2989
3073
3120
3367
3609
2701
3045
3332
3361
2789
2990
3422
2975
2932
2941
2835
3159
2689
2708
3275
2773
2810
2825
2811
2826
2827
2963
3067
2737
2809
3520
3593
3614
3478
3204
3429
2750
3333
2734
2715
2857
3066
3153
3154
3053
2724
3110
2712
2948
2941
2989
3014
2856
2894
3617
3328
3335
3000
3627
3628
3222
2727
3529
3749
3229
3260
3673
3683
3701
3108
3205
3276
3219
3352
3657
2804
3101
3218
3316
3641
2787
2793
2859
3720
3207
3246
2784
2860
2785
2861
2894
3575
3143
2902
3039
3242
3043
3581
3582
3658
2851
3271
3490
3727
3195
2791
3009
2911
3511
3529
3081
3319
3670
2774
3439
3650
3592
2880
3101
2913
3269
2834
3337
3535
3244
2868
2985
3456
3640
3444
3572
3547
3033
3031
3710
3321
3637
2933
3264
3679
3690
2857
3472
2804
3163
3243
2951
3663
2950
3664
3581
3582
3120
3662
3138
3032
3221
3671
3434
3541
3587
3131
3141
3556
2833
2832
2877
2928
3100
2991
2837
2838
3201
3470
2839
2840
2964
2965
3176
3540
3485
3393
3504
3503
3372
3184
3161
3342
3343
3129
3537
3612
3676
3695
2963
3493
3440
3106
3105
3041
3212
3697
3093
3440
2949
3161
2855
3127
3062
3400
2888
3419
2870
3121
2896
3711
3712
2887
2887
3395
2953
2958
3525
3631
2955
2960
2904
3115
3558
3380
3404
3128
3219
2959
2985
3241
2879
3484
3512
2999
3002
3091
3493
2936
3585
3707
3549
3148
3037
3262
3410
2966
2991
2970
3194
3223
3239
3526
3649
3377
3401
3498
2973
2981
3048
3716
2914
3034
3379
3706
2917
3666
3076
3012
3567
3013
3568
2984
3041
2980
3164
3509
2924
2949
2976
3002
3451
2970
3234
3443
2982
3006
2957
2919
3518
3477
3263
3301
3488
3465
2942
2942
2926
3189
3095
3190
3562
3157
3354
2932
3038
3300
3074
3500
3403
2946
3135
3424
2962
3445
2944
3547
3282
3392
3458
3463
3515
3715
3674
3505
3041
3062
3694
3021
3342
3343
3073
3687
3121
3400
3089
3089
3140
3591
3714
3652
3746
3007
3027
3014
3039
3014
3565
3618
3670
3641
3261
3689
3381
3127
3395
3017
3020
3028
3291
3350
3197
3345
3284
3247
3027
3038
3408
3011
3539
3662
3627
3628
3111
3476
3053
3019
3191
3448
3192
3259
3028
3037
3030
3719
3464
3088
3626
3131
3397
3424
3238
3702
3291
3314
3379
3071
3223
3322
3659
3519
3679
3087
3066
3307
3164
3185
3428
3255
3255
3378
3081
3346
3388
3245
3497
3087
3605
3290
3322
3613
3287
3287
3357
3748
3452
3162
3118
3312
3240
3664
3667
3201
3146
3196
3697
3313
3313
3292
3249
3663
3675
3453
3454
3376
3143
3296
3456
3133
3420
3235
3250
3130
3303
3723
3728
3531
3177
3661
3258
3418
3198
3757
3756
3310
3311
3114
3162
3296
3305
3406
3138
3163
3241
3430
3430
3396
3642
3643
3202
3338
3229
3372
3732
3548
3573
3134
3347
3624
3739
3401
3318
3341
3442
3657
3452
3179
3468
3468
3339
3244
3614
3151
3416
3349
3205
3619
3432
3495
3495
3613
3717
3291
3276
3336
3308
3294
3573
3380
3680
3200
3258
3198
3210
3412
3623
3344
3250
3491
3462
3735
3392
3685
3579
3580
3278
3501
3565
3320
3257
3663
3664
3194
3314
3382
3360
3630
3261
3603
3603
3611
3611
3423
3546
3747
3269
3233
3323
3275
3571
3665
3278
3601
3329
3348
3317
3523
3227
3221
3403
3543
3413
3524
3750
3464
3598
3284
3442
3398
3529
3247
3471
3746
3359
3509
3271
3545
3417
3274
3742
3285
3387
3280
3658
3471
3534
3652
3324
3600
3638
3633
3331
3508
3530
3259
3488
3339
3447
3347
3593
3605
3724
3533
3507
3532
3751
3660
3671
3740
3709
3377
3560
3588
3474
3712
3475
3711
3304
3324
3517
3476
3544
3555
3487
3387
3449
3448
3683
3668
3489
3394
3612
3365
3425
3378
3303
3577
3396
3607
3639
3433
3436
3457
3594
3526
3445
3687
3337
3617
3554
3625
3381
3455
3586
3466
3467
3637
3355
3653
3360
3706
3668
3610
3654
3684
3677
3744
3478
3634
3682
3659
3356
3519
3691
3683
3566
3621
3656
3651
3738
3446
3416
3513
3552
3698
3409
3750
3566
3723
3418
3587
3616
3700
3370
3726
3441
3527
3444
3758
3759
3415
3423
3731
3404
3427
3633
3601
3708
3435
3389
3576
3647
3645
3478
3646
3656
3550
3541
3740
3571
3449
3533
3542
3696
3640
3598
3444
3742
3644
3630
3733
3588
3411
3748
3604
3651
3620
3502
3615
3473
3522
3696
3591
3614
3490
3536
3747
3480
3506
3754
3617
3443
3658
3458
3742
3551
3692
3480
3586
3466
3467
3678
3755
3618
3506
3729
3515
3621
3660
3713
3635
3483
3483
3544
3555
3709
3493
3488
3626
3596
3481
3557
3515
3700
3595
3724
3572
3690
3734
3752
3632
3745
3535
3650
3704
3540
3537
3636
3621
3520
3749
3595
3528
3727
3610
3596
3590
3572
3703
3748
3701
3629
3734
3578
3577
3561
3746
3599
3552
3648
3655
3602
3559
3647
3755
3560
3697
3751
3637
3722
3686
3687
3675
3568
3628
3567
3627
3751
3622
3588
3740
3729
3583
3667
3721
3733
3704
3722
3741
3597
3734
3632
3605
3750
3719
3622
3693
3718
3624
3682
3655
3636
3673
3660
3705
3677
3753
3726
3701
3669
3646
3684
3666
3756
3757
3754
3648
3671
3689
3745
3728
3662
3729
3672
3693
3735
3691
3703
3752
3713
3721
3753
3731
3702
3719
3722
3743
3739
3714
3730
3716
3725
3741
3735
3732
3753
3744
3755
3759
3758
)


// ************************************************************************* //
