/*--------------------------------*- C++ -*----------------------------------*\
  =========                 |
  \\      /  F ield         | OpenFOAM: The Open Source CFD Toolbox
   \\    /   O peration     | Website:  https://openfoam.org
    \\  /    A nd           | Version:  9
     \\/     M anipulation  |
\*---------------------------------------------------------------------------*/
FoamFile
{
    format      ascii;
    class       vectorField;
    location    "constant/polyMesh";
    object      points;
}
// * * * * * * * * * * * * * * * * * * * * * * * * * * * * * * * * * * * * * //


4068
(
(0 50 0)
(200 50 0)
(200 0 0)
(800 0 0)
(800 50 0)
(1000 50 0)
(1000 100 0)
(0 100 0)
(0 50 1)
(200 50 1)
(200 0 1)
(800 0 1)
(800 50 1)
(1000 50 1)
(1000 100 1)
(0 100 1)
(9.78054 50 0)
(19.3219 50 0)
(28.63 50 0)
(37.7105 50 0)
(46.569 50 0)
(55.2109 50 0)
(63.6414 50 0)
(71.8659 50 0)
(79.8892 50 0)
(87.7163 50 0)
(95.3521 50 0)
(102.801 50 0)
(110.068 50 0)
(117.157 50 0)
(124.073 50 0)
(130.82 50 0)
(137.402 50 0)
(143.823 50 0)
(150.087 50 0)
(156.197 50 0)
(162.159 50 0)
(167.974 50 0)
(173.647 50 0)
(179.182 50 0)
(184.581 50 0)
(189.849 50 0)
(194.987 50 0)
(200 45 0)
(200 40 0)
(200 35 0)
(200 30 0)
(200 25 0)
(200 20 0)
(200 15 0)
(200 10 0)
(200 5 0)
(205 0 0)
(210 0 0)
(215 0 0)
(220 0 0)
(225 0 0)
(230 0 0)
(235 0 0)
(240 0 0)
(245 0 0)
(250 0 0)
(255 0 0)
(260 0 0)
(265 0 0)
(270 0 0)
(275 0 0)
(280 0 0)
(285 0 0)
(290 0 0)
(295 0 0)
(300 0 0)
(305 0 0)
(310 0 0)
(315 0 0)
(320 0 0)
(325 0 0)
(330 0 0)
(335 0 0)
(340 0 0)
(345 0 0)
(350 0 0)
(355 0 0)
(360 0 0)
(365 0 0)
(370 0 0)
(375 0 0)
(380 0 0)
(385 0 0)
(390 0 0)
(395 0 0)
(400 0 0)
(405 0 0)
(410 0 0)
(415 0 0)
(420 0 0)
(425 0 0)
(430 0 0)
(435 0 0)
(440 0 0)
(445 0 0)
(450 0 0)
(455 0 0)
(460 0 0)
(465 0 0)
(470 0 0)
(475 0 0)
(480 0 0)
(485 0 0)
(490 0 0)
(495 0 0)
(500 0 0)
(505 0 0)
(510 0 0)
(515 0 0)
(520 0 0)
(525 0 0)
(530 0 0)
(535 0 0)
(540 0 0)
(545 0 0)
(550 0 0)
(555 0 0)
(560 0 0)
(565 0 0)
(570 0 0)
(575 0 0)
(580 0 0)
(585 0 0)
(590 0 0)
(595 0 0)
(600 0 0)
(605 0 0)
(610 0 0)
(615 0 0)
(620 0 0)
(625 0 0)
(630 0 0)
(635 0 0)
(640 0 0)
(645 0 0)
(650 0 0)
(655 0 0)
(660 0 0)
(665 0 0)
(670 0 0)
(675 0 0)
(680 0 0)
(685 0 0)
(690 0 0)
(695 0 0)
(700 0 0)
(705 0 0)
(710 0 0)
(715 0 0)
(720 0 0)
(725 0 0)
(730 0 0)
(735 0 0)
(740 0 0)
(745 0 0)
(750 0 0)
(755 0 0)
(760 0 0)
(765 0 0)
(770 0 0)
(775 0 0)
(780 0 0)
(785 0 0)
(790 0 0)
(795 0 0)
(800 5 0)
(800 10 0)
(800 15 0)
(800 20 0)
(800 25 0)
(800 30 0)
(800 35 0)
(800 40 0)
(800 45 0)
(805.013 50 0)
(810.151 50 0)
(815.419 50 0)
(820.818 50 0)
(826.353 50 0)
(832.026 50 0)
(837.841 50 0)
(843.803 50 0)
(849.913 50 0)
(856.177 50 0)
(862.598 50 0)
(869.18 50 0)
(875.927 50 0)
(882.843 50 0)
(889.932 50 0)
(897.199 50 0)
(904.648 50 0)
(912.284 50 0)
(920.111 50 0)
(928.134 50 0)
(936.359 50 0)
(944.789 50 0)
(953.431 50 0)
(962.289 50 0)
(971.37 50 0)
(980.678 50 0)
(990.219 50 0)
(1000 60 0)
(1000 70 0)
(1000 80 0)
(1000 90 0)
(990 100 0)
(980 100 0)
(970 100 0)
(960 100 0)
(950 100 0)
(940 100 0)
(930 100 0)
(920 100 0)
(910 100 0)
(900 100 0)
(890 100 0)
(880 100 0)
(870 100 0)
(860 100 0)
(850 100 0)
(840 100 0)
(830 100 0)
(820 100 0)
(810 100 0)
(800 100 0)
(790 100 0)
(780 100 0)
(770 100 0)
(760 100 0)
(750 100 0)
(740 100 0)
(730 100 0)
(720 100 0)
(710 100 0)
(700 100 0)
(690 100 0)
(680 100 0)
(670 100 0)
(660 100 0)
(650 100 0)
(640 100 0)
(630 100 0)
(620 100 0)
(610 100 0)
(600 100 0)
(590 100 0)
(580 100 0)
(570 100 0)
(560 100 0)
(550 100 0)
(540 100 0)
(530 100 0)
(520 100 0)
(510 100 0)
(500 100 0)
(490 100 0)
(480 100 0)
(470 100 0)
(460 100 0)
(450 100 0)
(440 100 0)
(430 100 0)
(420 100 0)
(410 100 0)
(400 100 0)
(390 100 0)
(380 100 0)
(370 100 0)
(360 100 0)
(350 100 0)
(340 100 0)
(330 100 0)
(320 100 0)
(310 100 0)
(300 100 0)
(290 100 0)
(280 100 0)
(270 100 0)
(260 100 0)
(250 100 0)
(240 100 0)
(230 100 0)
(220 100 0)
(210 100 0)
(200 100 0)
(190 100 0)
(180 100 0)
(170 100 0)
(160 100 0)
(150 100 0)
(140 100 0)
(130 100 0)
(120 100 0)
(110 100 0)
(100 100 0)
(90 100 0)
(80 100 0)
(70 100 0)
(60 100 0)
(50 100 0)
(40 100 0)
(30 100 0)
(20 100 0)
(10 100 0)
(0 90 0)
(0 80 0)
(0 70 0)
(0 60 0)
(9.78054 50 1)
(19.3219 50 1)
(28.63 50 1)
(37.7105 50 1)
(46.569 50 1)
(55.2109 50 1)
(63.6414 50 1)
(71.8659 50 1)
(79.8892 50 1)
(87.7163 50 1)
(95.3521 50 1)
(102.801 50 1)
(110.068 50 1)
(117.157 50 1)
(124.073 50 1)
(130.82 50 1)
(137.402 50 1)
(143.823 50 1)
(150.087 50 1)
(156.197 50 1)
(162.159 50 1)
(167.974 50 1)
(173.647 50 1)
(179.182 50 1)
(184.581 50 1)
(189.849 50 1)
(194.987 50 1)
(200 45 1)
(200 40 1)
(200 35 1)
(200 30 1)
(200 25 1)
(200 20 1)
(200 15 1)
(200 10 1)
(200 5 1)
(205 0 1)
(210 0 1)
(215 0 1)
(220 0 1)
(225 0 1)
(230 0 1)
(235 0 1)
(240 0 1)
(245 0 1)
(250 0 1)
(255 0 1)
(260 0 1)
(265 0 1)
(270 0 1)
(275 0 1)
(280 0 1)
(285 0 1)
(290 0 1)
(295 0 1)
(300 0 1)
(305 0 1)
(310 0 1)
(315 0 1)
(320 0 1)
(325 0 1)
(330 0 1)
(335 0 1)
(340 0 1)
(345 0 1)
(350 0 1)
(355 0 1)
(360 0 1)
(365 0 1)
(370 0 1)
(375 0 1)
(380 0 1)
(385 0 1)
(390 0 1)
(395 0 1)
(400 0 1)
(405 0 1)
(410 0 1)
(415 0 1)
(420 0 1)
(425 0 1)
(430 0 1)
(435 0 1)
(440 0 1)
(445 0 1)
(450 0 1)
(455 0 1)
(460 0 1)
(465 0 1)
(470 0 1)
(475 0 1)
(480 0 1)
(485 0 1)
(490 0 1)
(495 0 1)
(500 0 1)
(505 0 1)
(510 0 1)
(515 0 1)
(520 0 1)
(525 0 1)
(530 0 1)
(535 0 1)
(540 0 1)
(545 0 1)
(550 0 1)
(555 0 1)
(560 0 1)
(565 0 1)
(570 0 1)
(575 0 1)
(580 0 1)
(585 0 1)
(590 0 1)
(595 0 1)
(600 0 1)
(605 0 1)
(610 0 1)
(615 0 1)
(620 0 1)
(625 0 1)
(630 0 1)
(635 0 1)
(640 0 1)
(645 0 1)
(650 0 1)
(655 0 1)
(660 0 1)
(665 0 1)
(670 0 1)
(675 0 1)
(680 0 1)
(685 0 1)
(690 0 1)
(695 0 1)
(700 0 1)
(705 0 1)
(710 0 1)
(715 0 1)
(720 0 1)
(725 0 1)
(730 0 1)
(735 0 1)
(740 0 1)
(745 0 1)
(750 0 1)
(755 0 1)
(760 0 1)
(765 0 1)
(770 0 1)
(775 0 1)
(780 0 1)
(785 0 1)
(790 0 1)
(795 0 1)
(800 5 1)
(800 10 1)
(800 15 1)
(800 20 1)
(800 25 1)
(800 30 1)
(800 35 1)
(800 40 1)
(800 45 1)
(805.013 50 1)
(810.151 50 1)
(815.419 50 1)
(820.818 50 1)
(826.353 50 1)
(832.026 50 1)
(837.841 50 1)
(843.803 50 1)
(849.913 50 1)
(856.177 50 1)
(862.598 50 1)
(869.18 50 1)
(875.927 50 1)
(882.843 50 1)
(889.932 50 1)
(897.199 50 1)
(904.648 50 1)
(912.284 50 1)
(920.111 50 1)
(928.134 50 1)
(936.359 50 1)
(944.789 50 1)
(953.431 50 1)
(962.289 50 1)
(971.37 50 1)
(980.678 50 1)
(990.219 50 1)
(1000 60 1)
(1000 70 1)
(1000 80 1)
(1000 90 1)
(990 100 1)
(980 100 1)
(970 100 1)
(960 100 1)
(950 100 1)
(940 100 1)
(930 100 1)
(920 100 1)
(910 100 1)
(900 100 1)
(890 100 1)
(880 100 1)
(870 100 1)
(860 100 1)
(850 100 1)
(840 100 1)
(830 100 1)
(820 100 1)
(810 100 1)
(800 100 1)
(790 100 1)
(780 100 1)
(770 100 1)
(760 100 1)
(750 100 1)
(740 100 1)
(730 100 1)
(720 100 1)
(710 100 1)
(700 100 1)
(690 100 1)
(680 100 1)
(670 100 1)
(660 100 1)
(650 100 1)
(640 100 1)
(630 100 1)
(620 100 1)
(610 100 1)
(600 100 1)
(590 100 1)
(580 100 1)
(570 100 1)
(560 100 1)
(550 100 1)
(540 100 1)
(530 100 1)
(520 100 1)
(510 100 1)
(500 100 1)
(490 100 1)
(480 100 1)
(470 100 1)
(460 100 1)
(450 100 1)
(440 100 1)
(430 100 1)
(420 100 1)
(410 100 1)
(400 100 1)
(390 100 1)
(380 100 1)
(370 100 1)
(360 100 1)
(350 100 1)
(340 100 1)
(330 100 1)
(320 100 1)
(310 100 1)
(300 100 1)
(290 100 1)
(280 100 1)
(270 100 1)
(260 100 1)
(250 100 1)
(240 100 1)
(230 100 1)
(220 100 1)
(210 100 1)
(200 100 1)
(190 100 1)
(180 100 1)
(170 100 1)
(160 100 1)
(150 100 1)
(140 100 1)
(130 100 1)
(120 100 1)
(110 100 1)
(100 100 1)
(90 100 1)
(80 100 1)
(70 100 1)
(60 100 1)
(50 100 1)
(40 100 1)
(30 100 1)
(20 100 1)
(10 100 1)
(0 90 1)
(0 80 1)
(0 70 1)
(0 60 1)
(204.507 47.2515 0)
(252.632 4.15271 0)
(752.591 4.45139 0)
(733.139 4.5178 0)
(272.5 4.33013 0)
(712.5 4.33013 0)
(292.482 4.00911 0)
(692.684 4.53518 0)
(312.5 4.33013 0)
(673.139 3.92694 0)
(332.582 4.07151 0)
(652.5 4.33013 0)
(353.166 4.03936 0)
(633.1 4.18439 0)
(372.754 4.66239 0)
(612.5 4.33013 0)
(392.491 3.44953 0)
(593.246 4.11483 0)
(412.589 3.9834 0)
(572.822 4.36321 0)
(432.697 4.03394 0)
(553.138 3.89607 0)
(452.441 4.99699 0)
(532.487 4.34535 0)
(512.669 4.65274 0)
(492.627 4.07295 0)
(472.073 4.32345 0)
(795.601 47.4642 0)
(232.41 3.4021 0)
(745.486 91.5887 0)
(265.766 91.5858 0)
(704.718 91.9132 0)
(305.081 92.3453 0)
(665.326 91.8929 0)
(345.294 92.2721 0)
(625.155 90.3395 0)
(385.444 89.8738 0)
(584.545 90.839 0)
(423.778 91.9352 0)
(465.073 91.538 0)
(545.244 91.1794 0)
(504.523 91.8542 0)
(772.538 3.98085 0)
(795.611 32.4032 0)
(204.33 32.5 0)
(235.44 90.4823 0)
(204.426 52.5628 0)
(209.076 49.8734 0)
(795.65 52.5343 0)
(790.938 49.9218 0)
(791.007 55.432 0)
(786.016 52.615 0)
(807.855 54.5025 0)
(192.176 54.4587 0)
(209.003 55.3906 0)
(213.948 52.5606 0)
(823.376 55.1501 0)
(176.991 55.5747 0)
(204.795 17.5425 0)
(840.307 55.5857 0)
(159.803 55.5735 0)
(786.128 58.5194 0)
(780.947 55.5738 0)
(781.079 49.6044 0)
(775.732 52.4918 0)
(775.82 46.4201 0)
(770.438 49.3843 0)
(770.522 43.1992 0)
(765.107 46.0917 0)
(791.429 61.3803 0)
(765.241 39.8983 0)
(759.726 42.7974 0)
(759.591 49.1921 0)
(754.131 45.8289 0)
(754.333 39.4251 0)
(748.562 42.3507 0)
(748.37 48.9881 0)
(742.765 45.3742 0)
(748.989 35.9862 0)
(796.24 18.0749 0)
(770.487 36.8244 0)
(742.42 52.2313 0)
(736.397 48.3729 0)
(736.182 55.608 0)
(730.101 51.7639 0)
(730.472 44.5289 0)
(724.161 47.8195 0)
(724.578 40.7424 0)
(718.336 43.9082 0)
(775.99 57.8651 0)
(859.186 55.246 0)
(141.104 54.9828 0)
(213.844 58.4266 0)
(218.975 55.4908 0)
(218.834 49.5562 0)
(224.145 52.4368 0)
(224.048 46.3426 0)
(229.311 49.1194 0)
(229.306 43.0812 0)
(234.626 45.9064 0)
(208.622 61.269 0)
(234.59 39.8584 0)
(240.052 42.8531 0)
(239.945 49.6707 0)
(245.827 45.6722 0)
(245.513 39.3956 0)
(251.302 42.2918 0)
(251.513 48.8648 0)
(257.122 45.3358 0)
(256.801 38.7498 0)
(262.605 41.7141 0)
(263.08 48.3508 0)
(268.711 44.6649 0)
(269.236 51.5283 0)
(275.088 47.6591 0)
(274.568 40.6517 0)
(280.876 43.6691 0)
(281.386 50.5391 0)
(287.311 46.6177 0)
(286.761 39.6338 0)
(293.15 42.4956 0)
(229.224 36.9527 0)
(293.76 49.4916 0)
(299.529 45.3444 0)
(298.839 38.3923 0)
(305.237 41.1408 0)
(306.043 48.2052 0)
(311.779 43.8714 0)
(312.701 51.0681 0)
(318.418 46.6232 0)
(317.458 39.5969 0)
(324.095 42.2405 0)
(325.032 49.2059 0)
(330.641 44.7326 0)
(718.742 37.0722 0)
(712.527 40.0636 0)
(712.17 46.958 0)
(706.315 43.0856 0)
(705.806 50.1067 0)
(699.774 46.1549 0)
(699.246 53.2521 0)
(693.275 49.3338 0)
(693.765 42.1256 0)
(687.347 45.1941 0)
(688.012 38.1591 0)
(681.613 41.1248 0)
(680.917 48.1946 0)
(675.123 44.101 0)
(879.825 55.68 0)
(120.201 55.6363 0)
(329.66 37.8318 0)
(336.157 40.3547 0)
(337.121 47.3515 0)
(342.907 42.7832 0)
(343.892 50.0005 0)
(349.734 45.2739 0)
(350.961 52.5036 0)
(356.622 47.7966 0)
(355.374 40.6608 0)
(362.211 43.1291 0)
(363.867 50.1826 0)
(369.09 45.3913 0)
(367.68 38.4624 0)
(374.342 40.7429 0)
(375.849 47.6948 0)
(381.178 42.967 0)
(382.748 49.9422 0)
(388.201 45.1584 0)
(389.686 52.3252 0)
(395.135 47.3799 0)
(393.703 38.9445 0)
(401.062 42.0736 0)
(402.199 49.5138 0)
(407.771 44.4539 0)
(409.139 51.6745 0)
(414.543 46.6417 0)
(413.041 39.5879 0)
(419.933 41.5121 0)
(421.474 48.5916 0)
(426.947 43.4601 0)
(428.563 50.514 0)
(433.861 45.5078 0)
(435.502 52.075 0)
(440.892 47.1579 0)
(439.002 40.3583 0)
(446.029 42.2493 0)
(447.973 49.0936 0)
(453.084 44.0775 0)
(455.044 51.1454 0)
(460.11 45.8714 0)
(458.079 39.1337 0)
(465.042 40.8503 0)
(467.132 47.5905 0)
(471.988 42.7672 0)
(474.16 49.3399 0)
(479.063 44.4633 0)
(481.312 51.0909 0)
(486.247 45.6879 0)
(483.638 38.9523 0)
(491.235 40.6578 0)
(493.336 47.194 0)
(498.129 41.8493 0)
(500.366 48.6251 0)
(505.232 43.2544 0)
(507.515 50.0898 0)
(512.411 44.771 0)
(514.601 51.2407 0)
(519.592 45.974 0)
(517.311 39.3988 0)
(524.039 40.9193 0)
(526.677 47.4367 0)
(531.056 42.3094 0)
(533.733 49.0485 0)
(538.453 43.591 0)
(540.957 50.4268 0)
(545.716 44.9339 0)
(548.189 51.8509 0)
(553.044 46.2998 0)
(555.49 53.289 0)
(560.315 47.6314 0)
(557.891 40.8029 0)
(564.952 42.1201 0)
(567.525 48.8833 0)
(572.102 43.3539 0)
(574.723 50.1124 0)
(579.679 44.4389 0)
(581.967 51.3809 0)
(587.167 45.5947 0)
(589.358 52.669 0)
(594.283 46.9099 0)
(596.668 53.9598 0)
(601.449 48.1813 0)
(598.993 41.3079 0)
(606.067 42.503 0)
(608.662 49.2795 0)
(613.246 43.5981 0)
(615.886 50.3907 0)
(620.419 44.6741 0)
(623.15 51.5073 0)
(627.713 45.7529 0)
(630.475 52.598 0)
(635.008 46.7776 0)
(637.856 53.7318 0)
(632.296 40.0943 0)
(577.141 37.0442 0)
(639.382 41.0629 0)
(676.5 37.3201 0)
(674.382 51.3099 0)
(417.992 34.7548 0)
(535.918 36.1771 0)
(98.7011 55.986 0)
(901.299 55.986 0)
(603.468 35.8998 0)
(724.648 33.9046 0)
(712.978 33.4837 0)
(496.02 34.9827 0)
(335.018 33.5387 0)
(636.797 34.5904 0)
(643.566 35.5476 0)
(470.589 36.9424 0)
(75.9142 56.1759 0)
(924.095 56.1789 0)
(729.686 59.1721 0)
(372.895 33.9215 0)
(366.519 31.7452 0)
(629.995 33.4987 0)
(224.299 58.4082 0)
(325.085 91.1849 0)
(686.087 91.8723 0)
(536.164 55.8801 0)
(50.5007 57.8926 0)
(949.499 57.8926 0)
(815.453 91.9215 0)
(184.611 91.8829 0)
(704.174 57.4811 0)
(411.431 32.782 0)
(641.079 29.355 0)
(647.587 30.2521 0)
(217.893 4.06792 0)
(285.665 92.2612 0)
(365 91.3397 0)
(328.785 31.1293 0)
(484.159 90.3673 0)
(445.311 91.3325 0)
(965.988 57.0158 0)
(34.031 57.0045 0)
(754.637 33.188 0)
(749.445 29.8643 0)
(754.848 27.1304 0)
(405.039 92.4017 0)
(577.394 57.106 0)
(503.318 55.6256 0)
(476.19 56.4964 0)
(562.612 35.3682 0)
(521.617 34.3072 0)
(234.353 33.8652 0)
(229.163 30.9995 0)
(234.286 27.8878 0)
(229.064 25.2418 0)
(782.224 3.98838 0)
(242.555 4.38592 0)
(444.078 35.4995 0)
(692.854 56.1007 0)
(835 91.3397 0)
(165 91.3397 0)
(742.161 4.81601 0)
(762.5 3.99986 0)
(304.308 34.3372 0)
(298.258 31.6606 0)
(262.49 4.07969 0)
(282.837 4.04324 0)
(722.574 4.63146 0)
(302.588 4.37427 0)
(702.5 4.33013 0)
(682.753 4.20269 0)
(322.971 4.49225 0)
(662.632 4.06903 0)
(342.668 4.16701 0)
(361.825 4.34805 0)
(622.682 4.12396 0)
(642.236 4.1244 0)
(602.236 4.18894 0)
(402.72 4.24419 0)
(382.06 4.34875 0)
(422.378 3.56304 0)
(582.255 4.8316 0)
(562.111 3.98058 0)
(442.88 4.25671 0)
(542.5 4.33013 0)
(502.713 4.37433 0)
(521.944 4.27704 0)
(462.521 3.7007 0)
(482.713 4.4335 0)
(618.691 57.3032 0)
(646.261 41.8635 0)
(645.406 91.648 0)
(344.97 57.4285 0)
(352.35 60.1228 0)
(262.216 35.1434 0)
(256.545 32.3251 0)
(261.675 28.8381 0)
(449.475 55.9801 0)
(423.73 55.7688 0)
(403.772 56.862 0)
(384.548 57.0869 0)
(863.827 91.3433 0)
(133.779 91.561 0)
(306.698 55.5044 0)
(313.729 58.5258 0)
(604.81 91.7196 0)
(263.184 55.4156 0)
(269.817 58.873 0)
(525.374 91.382 0)
(303.429 27.7885 0)
(748.265 55.7845 0)
(565.92 91.2797 0)
(632.903 59.7259 0)
(640.897 60.9712 0)
(591.588 59.861 0)
(550.542 59.113 0)
(884.748 91.3996 0)
(115.252 91.3996 0)
(764.987 91.0856 0)
(416.301 28.2418 0)
(410.128 26.3329 0)
(256.242 26.1122 0)
(934.999 90.4089 0)
(65.0006 90.4089 0)
(213.917 64.673 0)
(207.964 67.7846 0)
(333.971 26.9994 0)
(786.121 64.734 0)
(792.116 67.9759 0)
(85.3982 91.2653 0)
(914.602 91.2653 0)
(371.575 27.3812 0)
(365.629 25.558 0)
(214.06 71.4758 0)
(297.683 25.2297 0)
(224.185 28.1604 0)
(749.731 23.8583 0)
(785.821 71.6564 0)
(328.15 24.9922 0)
(263.179 62.8815 0)
(224.095 22.5947 0)
(44.276 91.8569 0)
(955.724 91.8569 0)
(233.626 22.2881 0)
(26.2858 91.0406 0)
(973.703 91.0456 0)
(725.158 92.4095 0)
(744.465 26.5749 0)
(596.694 34.6951 0)
(601.047 29.585 0)
(594.495 28.4373 0)
(607.542 30.5582 0)
(555.79 34.1429 0)
(560.145 29.02 0)
(553.763 27.7584 0)
(515.28 32.8287 0)
(519.689 27.8561 0)
(513.473 26.4486 0)
(437.448 33.6923 0)
(442.237 28.9761 0)
(436.224 27.3044 0)
(736.129 63.1481 0)
(605.227 24.5466 0)
(611.483 25.5134 0)
(694.13 35.1625 0)
(688.605 31.3453 0)
(694.475 28.5118 0)
(689.221 24.9276 0)
(645.232 24.205 0)
(651.567 25.1718 0)
(638.916 23.4088 0)
(653.989 31.0862 0)
(657.781 25.9536 0)
(377.759 29.5018 0)
(340.031 29.3464 0)
(307.382 63.1766 0)
(261.271 22.7541 0)
(266.664 25.3904 0)
(754.906 21.2334 0)
(759.948 24.3113 0)
(270.431 66.5522 0)
(218.749 43.5219 0)
(694.926 22.2005 0)
(781.113 43.3838 0)
(376.453 23.2031 0)
(382.379 25.1046 0)
(219.251 25.6404 0)
(338.982 23.0331 0)
(344.996 25.2819 0)
(557.949 22.9409 0)
(564.175 24.0776 0)
(551.844 21.7378 0)
(207.744 74.8654 0)
(201.611 70.8847 0)
(314.52 66.2711 0)
(414.775 22.0753 0)
(219.255 19.9984 0)
(440.607 22.7542 0)
(446.656 24.4194 0)
(434.959 21.5064 0)
(668.842 47.1939 0)
(667.708 54.4275 0)
(673.864 58.8 0)
(666.878 62.1161 0)
(673.51 66.7475 0)
(792.332 75.1481 0)
(798.541 71.116 0)
(346.292 65.1037 0)
(635.587 67.2268 0)
(644.023 68.499 0)
(302.7 21.5572 0)
(308.345 23.9882 0)
(517.817 21.7357 0)
(523.874 23.0149 0)
(511.782 20.4651 0)
(408.793 20.2743 0)
(404.196 24.3855 0)
(744.75 20.688 0)
(739.569 23.3134 0)
(599.478 61.2427 0)
(729.342 66.8865 0)
(558.194 60.6115 0)
(483.645 58.2867 0)
(478.291 64.0059 0)
(486.059 65.813 0)
(353.826 67.9532 0)
(255.988 20.1597 0)
(251.042 23.361 0)
(552.974 66.6522 0)
(561.059 68.2366 0)
(594.094 67.4252 0)
(602.488 68.8463 0)
(223.733 17.2029 0)
(338.828 62.1976 0)
(470.867 62.0315 0)
(266.287 19.47 0)
(271.541 22.0449 0)
(655.423 20.2601 0)
(661.435 20.9713 0)
(689.822 18.7649 0)
(684.295 21.2881 0)
(760.004 18.6114 0)
(764.762 21.5322 0)
(297.074 19.1111 0)
(292.141 22.6308 0)
(402.898 18.4282 0)
(250.859 17.4982 0)
(739.171 29.1966 0)
(609.174 19.7377 0)
(615.268 20.6762 0)
(603.191 18.7513 0)
(340.015 70.272 0)
(343.863 19.1303 0)
(349.693 21.3052 0)
(992.26 74.8016 0)
(7.73722 74.7947 0)
(739.997 17.4693 0)
(734.763 20.0941 0)
(398.379 22.4652 0)
(381.161 19.1147 0)
(472.746 69.8257 0)
(465.303 67.7436 0)
(444.895 18.4157 0)
(450.862 19.9386 0)
(666.26 70.0055 0)
(201.196 78.2589 0)
(194.971 74.1837 0)
(213.992 78.5933 0)
(220.452 75.456 0)
(764.874 16.0318 0)
(769.549 18.9066 0)
(660.506 57.5389 0)
(798.955 78.566 0)
(805.243 74.4182 0)
(307.61 17.944 0)
(313.099 20.2367 0)
(736.111 71.0579 0)
(660.362 31.852 0)
(263.896 70.5612 0)
(256.407 66.998 0)
(257.561 75.9912 0)
(249.736 71.5626 0)
(786.031 78.8889 0)
(779.263 75.3092 0)
(700.088 25.6379 0)
(700.471 19.4786 0)
(642.874 18.5556 0)
(636.861 17.8459 0)
(507.469 24.9825 0)
(505.752 19.1339 0)
(705.707 22.9249 0)
(705.873 16.7929 0)
(710.709 20.1511 0)
(547.657 26.388 0)
(545.758 20.5049 0)
(338.292 17.2558 0)
(271.221 74.2837 0)
(278.151 70.1239 0)
(562.035 18.2678 0)
(567.771 19.5023 0)
(375.381 17.1806 0)
(291.559 16.65 0)
(286.788 19.9812 0)
(397.229 16.5709 0)
(323.043 29.1272 0)
(219.076 31.4144 0)
(214.614 22.8854 0)
(214.608 17.4971 0)
(308.276 71.2365 0)
(300.697 67.9056 0)
(501.435 23.6651 0)
(499.809 17.7959 0)
(495.527 22.2322 0)
(493.914 16.4211 0)
(489.806 20.7285 0)
(722.727 62.6914 0)
(722.29 70.657 0)
(541.675 25.1883 0)
(539.846 19.628 0)
(769.71 24.5436 0)
(774.294 21.7321 0)
(774.265 16.2846 0)
(778.923 19.0723 0)
(778.911 24.4695 0)
(783.568 21.8391 0)
(783.531 27.1725 0)
(783.539 16.4823 0)
(672.866 75.036 0)
(680.503 71.3813 0)
(570.207 25.1264 0)
(573.738 19.0785 0)
(555.618 74.6887 0)
(547.656 72.3555 0)
(420.747 23.8487 0)
(419.279 17.8831 0)
(522.035 17.2422 0)
(745.298 14.9006 0)
(452.946 25.9476 0)
(456.883 21.3662 0)
(249.966 79.6707 0)
(242.697 75.7831 0)
(242.472 67.7377 0)
(360.552 29.8829 0)
(617.598 26.3714 0)
(621.165 21.402 0)
(788.131 24.5158 0)
(792.737 3.83105 0)
(204.562 7.62164 0)
(488.213 15.0697 0)
(484.092 19.3256 0)
(287.188 25.9754 0)
(271.058 16.1984 0)
(755.183 15.5808 0)
(255.944 14.3252 0)
(245.796 20.7571 0)
(246.126 26.348 0)
(597.174 75.2472 0)
(588.798 73.7459 0)
(790.595 44.2426 0)
(619.029 15.9549 0)
(454.949 15.6122 0)
(460.853 16.9962 0)
(462.705 22.7171 0)
(466.703 18.3344 0)
(209.099 44.1595 0)
(316.294 73.3607 0)
(332.533 67.5493 0)
(549.698 15.9649 0)
(485.728 25.1171 0)
(480.018 23.9042 0)
(478.159 17.9072 0)
(245.792 14.9638 0)
(645.545 54.7162 0)
(624.938 16.7617 0)
(272.074 27.9651 0)
(348.576 15.3901 0)
(354.102 17.4215 0)
(659.066 15.4898 0)
(664.961 16.1831 0)
(667.378 21.6271 0)
(670.61 16.6603 0)
(652.992 14.7495 0)
(590.142 33.4164 0)
(588.108 27.1498 0)
(592.526 22.3943 0)
(586.191 21.1805 0)
(590.344 16.6207 0)
(584.301 15.5278 0)
(638.834 74.963 0)
(630.446 73.6443 0)
(647.262 76.2329 0)
(527.84 18.4319 0)
(530.067 23.626 0)
(430.31 30.9868 0)
(221.028 83.7596 0)
(607.088 14.2063 0)
(626.693 22.1388 0)
(407.463 14.4404 0)
(684.935 15.3614 0)
(804.392 66.1244 0)
(811.389 70.0552 0)
(673.955 21.5258 0)
(333.492 75.6053 0)
(360.045 62.826 0)
(361.691 70.4884 0)
(367.896 65.4439 0)
(369.578 73.3043 0)
(356.444 75.8106 0)
(399.597 28.5551 0)
(195.794 65.9446 0)
(188.851 69.8487 0)
(779.338 83.9653 0)
(576.115 25.3508 0)
(383.867 31.3305 0)
(469.543 24.3226 0)
(410.947 59.1576 0)
(405.361 64.5565 0)
(412.952 66.9714 0)
(407.006 72.5636 0)
(399.13 69.8993 0)
(415.043 75.0333 0)
(421.085 69.2626 0)
(346.73 31.6895 0)
(779.012 29.8601 0)
(783.513 32.607 0)
(234.15 72.4731 0)
(656.528 37.116 0)
(296.275 13.4098 0)
(743.861 67.3557 0)
(772.078 79.0409 0)
(669.956 27.074 0)
(286.255 14.2679 0)
(509.948 14.7615 0)
(765.247 33.5971 0)
(735.053 14.5384 0)
(729.967 16.9228 0)
(729.581 22.6678 0)
(724.845 19.8048 0)
(565.834 13.9179 0)
(772.164 71.4064 0)
(765.286 75.021 0)
(765.334 67.3399 0)
(758.535 70.9475 0)
(758.276 78.8191 0)
(15.1565 59.1131 0)
(984.861 59.1315 0)
(387.002 20.7685 0)
(385.024 13.4452 0)
(563.917 76.1588 0)
(569.395 69.888 0)
(572.831 77.9327 0)
(743.108 75.3156 0)
(711.384 13.6775 0)
(601.243 13.1057 0)
(265.859 13.7611 0)
(560.343 12.6793 0)
(312.308 14.5091 0)
(317.712 16.6462 0)
(281.43 17.3509 0)
(605.606 76.6126 0)
(610.936 70.3065 0)
(614.657 77.8956 0)
(301.503 76.1152 0)
(293.877 72.7566 0)
(293.43 64.4579 0)
(375.537 68.0835 0)
(377.427 76.4642 0)
(235.42 64.3806 0)
(700.771 13.7472 0)
(725.095 13.8829 0)
(735.794 79.4578 0)
(188.443 77.0199 0)
(182.436 72.5977 0)
(182.857 65.7041 0)
(176.349 68.5748 0)
(175.57 76.5891 0)
(169.431 71.2218 0)
(170.746 64.536 0)
(163.748 66.6874 0)
(162.407 73.8245 0)
(156.712 69.1146 0)
(155.346 76.6472 0)
(149.366 71.7119 0)
(147.384 79.4963 0)
(141.039 73.6456 0)
(151.09 64.3249 0)
(384.106 70.1978 0)
(715.559 66.5232 0)
(715.054 74.5967 0)
(708.107 70.3062 0)
(526.088 13.0614 0)
(531.714 13.6964 0)
(811.796 77.213 0)
(817.833 72.7891 0)
(817.405 65.8711 0)
(823.945 68.7524 0)
(824.73 76.7313 0)
(830.895 71.3663 0)
(829.851 64.3587 0)
(836.706 66.8156 0)
(837.969 73.9605 0)
(843.758 69.2693 0)
(845.043 76.8276 0)
(851.016 71.8418 0)
(852.884 79.6082 0)
(858.905 74.1385 0)
(849.171 64.354 0)
(617.793 36.953 0)
(759.078 63.2726 0)
(466.997 75.9418 0)
(459.104 73.0175 0)
(474.982 78.0971 0)
(200.903 54.7311 0)
(497.968 12.2986 0)
(306.561 12.5215 0)
(799.137 54.7433 0)
(464.757 13.0087 0)
(690.292 13.0613 0)
(242.31 60.3515 0)
(652.917 69.0956 0)
(655.879 77.5256 0)
(424.856 19.5949 0)
(423.514 13.9718 0)
(417.593 12.6488 0)
(423.348 77.2401 0)
(429.519 71.4781 0)
(431.935 80.0744 0)
(437.933 73.847 0)
(319.953 61.5258 0)
(640.729 13.1794 0)
(435.896 65.5654 0)
(443.952 67.7932 0)
(446.197 76.03 0)
(720.278 16.0929 0)
(719.615 21.6116 0)
(278.215 77.8566 0)
(520.283 11.6398 0)
(316.612 11.6193 0)
(322.138 13.4317 0)
(676.069 27.367 0)
(400.029 77.5363 0)
(779.288 35.4217 0)
(765.154 59.8688 0)
(470.162 13.9911 0)
(391.29 59.5149 0)
(313.982 26.2051 0)
(205.961 90.8305 0)
(294.928 81.3831 0)
(634.463 12.9056 0)
(846.21 84.8952 0)
(241.008 18.0113 0)
(240.721 12.6982 0)
(663.054 37.9333 0)
(658.839 43.305 0)
(393.835 27.1135 0)
(668.284 12.0863 0)
(674.195 12.0919 0)
(276.956 25.0819 0)
(276.844 30.465 0)
(794.171 90.9683 0)
(588.026 11.2515 0)
(236.21 15.4599 0)
(280.969 11.8418 0)
(154.201 84.7687 0)
(457.084 58.3695 0)
(502.977 29.6085 0)
(464.424 28.603 0)
(543.468 31.0409 0)
(491.046 59.9994 0)
(493.862 67.7151 0)
(488.392 74.3209 0)
(496.668 75.7648 0)
(502.188 69.4207 0)
(505.134 77.2558 0)
(510.841 70.9703 0)
(513.627 79.1669 0)
(519.238 72.9983 0)
(516.865 64.8617 0)
(525.104 66.5059 0)
(527.671 74.7188 0)
(533.187 68.1688 0)
(228.91 68.0024 0)
(707.741 78.2588 0)
(700.562 73.8069 0)
(705.289 28.8828 0)
(481.632 29.4045 0)
(341.509 78.6273 0)
(716.763 58.6465 0)
(536.158 75.7083 0)
(428.848 15.3783 0)
(714.887 82.5096 0)
(633.468 81.756 0)
(239.268 30.6825 0)
(331.974 59.6224 0)
(236.261 56.7113 0)
(656.714 9.95433 0)
(487.543 30.1841 0)
(594.211 12.4027 0)
(227.694 78.8221 0)
(353 12.0628 0)
(358.6 13.7627 0)
(348.055 10.0402 0)
(359.54 19.0997 0)
(363.996 15.6362 0)
(523.057 59.1369 0)
(678.843 80.3485 0)
(687.693 76.1498 0)
(687.305 66.9713 0)
(373.061 59.8912 0)
(427.697 10.3527 0)
(432.389 11.6559 0)
(385.217 79.5403 0)
(583.678 32.0739 0)
(334.265 84.1425 0)
(475.458 27.9715 0)
(147.629 88.7237 0)
(679.665 18.297 0)
(417.174 83.7703 0)
(236.334 10.3445 0)
(231.774 12.7162 0)
(579.14 70.5802 0)
(620.723 70.6817 0)
(622.734 11.4979 0)
(616.585 11.2785 0)
(854.192 87.6282 0)
(209.991 20.1826 0)
(209.752 25.4856 0)
(209.895 14.9947 0)
(214.281 12.1772 0)
(572.42 30.9192 0)
(596.956 17.721 0)
(322.992 18.7173 0)
(327.514 14.9131 0)
(326.63 9.53874 0)
(331.998 11.7048 0)
(591.453 82.4856 0)
(326.182 81.149 0)
(317.344 84.9293 0)
(720.303 9.92151 0)
(582.336 80.3609 0)
(575.343 86.4792 0)
(209.382 9.78669 0)
(624.749 80.386 0)
(549.403 81.8552 0)
(646.875 14.0682 0)
(270.28 9.96158 0)
(769.915 30.2536 0)
(426.552 25.3065 0)
(242.937 84.4279 0)
(250.261 88.5025 0)
(245.331 9.5855 0)
(490.954 83.1457 0)
(356.986 7.99517 0)
(700.343 83.1437 0)
(784.167 91.9856 0)
(477.183 34.3024 0)
(370.248 82.367 0)
(597.891 7.8448 0)
(701.117 65.252 0)
(628.441 12.4193 0)
(531.025 82.9961 0)
(205.061 22.679 0)
(627.851 65.3208 0)
(685.268 9.30232 0)
(225.493 91.8221 0)
(215.958 91.9424 0)
(165.797 59.6484 0)
(194.763 90.6644 0)
(625.088 38.8878 0)
(623.591 32.4947 0)
(586.387 65.3501 0)
(805.045 91.1356 0)
(537.246 29.6887 0)
(531.3 32.1122 0)
(823.152 61.7752 0)
(816.812 59.0374 0)
(810.908 63.3194 0)
(825.161 91.7123 0)
(174.987 91.7647 0)
(170.299 83.6825 0)
(797.131 64.0133 0)
(503.896 13.7266 0)
(507.627 8.90727 0)
(513.578 10.4749 0)
(515.907 16.0532 0)
(261.036 16.9461 0)
(260.596 11.6323 0)
(700.01 38.9761 0)
(395.338 32.4148 0)
(401.046 34.808 0)
(202.968 63.8792 0)
(612.836 15.0027 0)
(249.082 63.5032 0)
(271.396 83.2138 0)
(249.026 55.5906 0)
(256.388 59.4115 0)
(343.251 12.7334 0)
(679.848 12.2678 0)
(379.185 12.7936 0)
(374.113 11.1046 0)
(662.452 11.0045 0)
(706.624 35.3134 0)
(711.971 26.9368 0)
(835.615 60.1715 0)
(177.185 62.1248 0)
(183.549 58.9882 0)
(189.297 63.1748 0)
(752.117 66.5767 0)
(385.931 37.7519 0)
(370.756 21.453 0)
(333.43 21.3835 0)
(595.163 91.4336 0)
(535.473 91.4556 0)
(664.431 77.183 0)
(255.371 8.65963 0)
(250.549 12.0887 0)
(179.3 84.5231 0)
(820.906 84.5936 0)
(401.658 12.892 0)
(396.557 10.8835 0)
(439.226 17.3267 0)
(442.985 13.2583 0)
(448.989 14.1631 0)
(447.169 8.53415 0)
(453.247 10.0982 0)
(458.824 11.555 0)
(634.578 28.6046 0)
(492.137 10.9948 0)
(486.611 9.542 0)
(718.511 30.8158 0)
(723.633 26.5117 0)
(730.336 30.7022 0)
(730.403 37.5297 0)
(736.432 41.2807 0)
(705.647 11.4681 0)
(290.804 11.434 0)
(682.623 34.6743 0)
(292.711 35.488 0)
(543.838 14.9717 0)
(547.592 10.3368 0)
(553.66 11.9148 0)
(537.839 13.98 0)
(555.922 17.2509 0)
(557.559 7.52091 0)
(442.39 60.1228 0)
(750.074 18.1134 0)
(750.328 12.6683 0)
(755.126 9.48853 0)
(745.863 9.36682 0)
(740.05 11.1481 0)
(737.5 6.91173 0)
(287.006 32.5042 0)
(874.796 91.5482 0)
(879.884 83.3839 0)
(889.112 83.1354 0)
(884.531 75.4384 0)
(893.434 75.284 0)
(875.624 75.6654 0)
(889 68.0167 0)
(898.109 82.7899 0)
(902.3 74.9441 0)
(907.475 82.6662 0)
(911.132 74.5784 0)
(906.398 67.686 0)
(915.081 67.3771 0)
(919.815 74.1708 0)
(910.012 60.5684 0)
(923.722 66.5034 0)
(928.547 73.5604 0)
(932.419 65.6093 0)
(937.318 72.9311 0)
(924.642 81.4063 0)
(942.713 65.1924 0)
(946.554 72.6043 0)
(942.628 82.109 0)
(951.922 79.4966 0)
(955.593 71.8376 0)
(960.769 78.7767 0)
(964.821 71.2553 0)
(971.272 80.2757 0)
(974.218 70.4505 0)
(979.085 77.1126 0)
(880.356 68.4224 0)
(872.076 68.7091 0)
(870.621 83.182 0)
(124.794 91.4586 0)
(119.863 83.3185 0)
(110.846 83.1245 0)
(115.373 75.5375 0)
(106.543 75.2987 0)
(123.958 75.4563 0)
(110.905 68.0197 0)
(101.882 82.8042 0)
(97.6942 74.949 0)
(92.5226 82.6694 0)
(88.8672 74.5797 0)
(93.6012 67.6871 0)
(84.9182 67.3775 0)
(80.1849 74.171 0)
(89.9883 60.5686 0)
(76.2785 66.5038 0)
(71.4528 73.5605 0)
(67.581 65.6093 0)
(62.6823 72.9311 0)
(75.3582 81.4063 0)
(57.2869 65.1924 0)
(53.4461 72.6043 0)
(57.3724 82.109 0)
(48.078 79.4966 0)
(44.4072 71.8376 0)
(39.2314 78.7767 0)
(35.1789 71.2553 0)
(28.7246 80.2755 0)
(25.7821 70.4479 0)
(20.9126 77.1117 0)
(119.508 68.3416 0)
(127.929 68.2086 0)
(132.475 74.8976 0)
(135.787 67.6398 0)
(131.245 61.7317 0)
(138.965 83.5071 0)
(102.32 68.2117 0)
(106.579 60.7611 0)
(897.66 68.2078 0)
(893.567 60.8043 0)
(510.368 37.9795 0)
(224.019 40.2228 0)
(218.889 37.4445 0)
(213.836 40.743 0)
(213.082 34.4823 0)
(208.824 38.6072 0)
(214.118 28.3697 0)
(550.856 39.4722 0)
(427.854 62.7177 0)
(348.546 38.2269 0)
(354.261 33.1399 0)
(754.926 92.0008 0)
(829.557 83.9863 0)
(649.161 19.5017 0)
(650.374 9.67339 0)
(503.05 36.4914 0)
(413.278 16.2933 0)
(411.742 10.7412 0)
(406.15 8.79652 0)
(301.935 15.6768 0)
(300.911 9.75173 0)
(806.008 59.6472 0)
(695.397 16.2656 0)
(695.325 9.84298 0)
(450.976 37.3189 0)
(455.342 32.4708 0)
(74.8663 91.4169 0)
(925.134 91.4169 0)
(460.03 82.1882 0)
(508.23 62.4341 0)
(582.589 10.3185 0)
(578.483 14.4814 0)
(576.932 8.88983 0)
(573.801 13.3686 0)
(517.5 6.62004 0)
(610.711 36.9139 0)
(251.11 35.7537 0)
(245.051 32.3093 0)
(240.055 24.3355 0)
(351.155 27.0332 0)
(482.497 13.815 0)
(477.017 12.0512 0)
(735.575 90.2049 0)
(295.324 91.0626 0)
(543.414 38.0468 0)
(450.239 62.9948 0)
(695.433 91.7848 0)
(676.726 90.3143 0)
(774.94 92.1462 0)
(355.344 91.7076 0)
(375.026 91.3663 0)
(655.186 92.106 0)
(395.653 91.7066 0)
(614.506 91.8 0)
(433.855 89.9702 0)
(455.412 91.3212 0)
(494.835 91.4874 0)
(474.092 91.7513 0)
(514.756 89.9779 0)
(555.162 91.4335 0)
(742.814 38.6878 0)
(193.814 59.21 0)
(635.755 91.2022 0)
(369.675 15.2377 0)
(369.066 9.49515 0)
(377.69 7.10955 0)
(363.382 9.96546 0)
(760.04 13.1152 0)
(764.915 11.0755 0)
(769.655 13.6313 0)
(774.481 11.2559 0)
(778.945 13.7882 0)
(783.663 11.4732 0)
(788.07 13.8663 0)
(787.957 9.34254 0)
(792.325 11.2967 0)
(779.504 8.43855 0)
(787.909 19.1921 0)
(792.191 21.3173 0)
(792.645 27.1268 0)
(856.532 66.6024 0)
(310.735 36.988 0)
(316.595 32.0826 0)
(842.139 62.2307 0)
(847.44 56.4521 0)
(391.349 14.361 0)
(388.387 9.84604 0)
(610.714 9.72792 0)
(228.361 19.8078 0)
(585.015 38.7287 0)
(468.449 8.85515 0)
(54.4586 91.8454 0)
(945.541 91.8454 0)
(759.852 36.4396 0)
(759.869 30.2726 0)
(35.5772 86.9467 0)
(964.421 86.9473 0)
(323.187 35.3754 0)
(676.496 7.84272 0)
(682.54 27.9066 0)
(779.366 68.1604 0)
(280.12 35.6209 0)
(300.456 59.9508 0)
(680.318 63.0273 0)
(361.036 36.2485 0)
(496.68 28.1382 0)
(472.438 19.2954 0)
(204.999 12.5017 0)
(208.336 4.33052 0)
(219.113 14.7078 0)
(223.335 11.9279 0)
(218.511 9.34823 0)
(222.93 6.90055 0)
(227.485 9.77204 0)
(750.7 83.0006 0)
(787.93 29.8163 0)
(787.847 34.8819 0)
(783.594 38.3873 0)
(272.441 34.197 0)
(432.223 38.4091 0)
(425.232 36.3757 0)
(128.972 83.3665 0)
(158.328 62.1184 0)
(152.681 56.4507 0)
(224.093 34.199 0)
(884.188 61.6721 0)
(115.828 61.6291 0)
(143.603 66.3087 0)
(286.319 69.1906 0)
(286.294 60.9682 0)
(729.932 11.8869 0)
(285.635 8.69604 0)
(365.583 57.5823 0)
(580.155 20.1407 0)
(95.9666 91.2226 0)
(904.031 91.2197 0)
(15.0702 90.7619 0)
(984.903 90.7737 0)
(598.907 23.5726 0)
(360.166 83.6412 0)
(975.055 57.5906 0)
(24.9515 57.5755 0)
(630.695 17.4435 0)
(607.418 62.6745 0)
(566.058 62.2059 0)
(41.0036 63.4633 0)
(958.999 63.4649 0)
(441.215 82.3537 0)
(767.506 3.91666 0)
(867.312 75.4075 0)
(723.56 55.1533 0)
(239.815 36.5689 0)
(533.684 19.3224 0)
(872.599 55.9141 0)
(795.964 37.6777 0)
(247.5 4.33013 0)
(236.907 4.96293 0)
(932.246 57.0077 0)
(67.7979 56.9819 0)
(204.404 41.9896 0)
(829.353 58.2082 0)
(637.807 7.95718 0)
(757.526 4.36844 0)
(648.621 61.9214 0)
(795.67 42.5 0)
(662.48 49.1449 0)
(655.301 49.2787 0)
(287.387 53.4177 0)
(275.575 12.9345 0)
(277.319 7.68024 0)
(747.5 4.33013 0)
(251.233 29.3974 0)
(642.076 47.6609 0)
(276.026 91.8565 0)
(262.1 84.011 0)
(604.898 8.90654 0)
(805.529 81.9629 0)
(379.329 36.0359 0)
(286.56 77.4496 0)
(448.706 30.772 0)
(865.889 55.6081 0)
(861.405 61.1835 0)
(613.788 31.337 0)
(775.895 40.233 0)
(194.621 81.6983 0)
(235.636 81.2217 0)
(422.418 30.1474 0)
(208.934 30.3102 0)
(669.573 39.2391 0)
(341.565 35.9899 0)
(276.394 62.0886 0)
(727.619 4.18215 0)
(267.545 4.4881 0)
(717.563 4.62136 0)
(714.775 9.02701 0)
(392.731 20.6061 0)
(541.194 83.1762 0)
(707.537 4.08333 0)
(697.69 4.5766 0)
(297.664 4.4246 0)
(307.736 4.32897 0)
(687.617 4.37505 0)
(317.754 4.15908 0)
(569.169 36.788 0)
(327.945 4.33336 0)
(668.044 4.12931 0)
(337.777 4.15433 0)
(647.518 4.49311 0)
(657.58 4.32659 0)
(347.902 4.78485 0)
(617.426 4.08739 0)
(628.083 4.27189 0)
(367.005 4.74518 0)
(607.558 4.52559 0)
(387.732 4.58344 0)
(397.032 5.05824 0)
(587.944 4.21285 0)
(427.263 5.00481 0)
(417.919 4.1743 0)
(567.489 4.30928 0)
(437.596 4.10893 0)
(547.77 4.8683 0)
(537.807 4.53862 0)
(535.236 9.1821 0)
(529.712 8.8237 0)
(527.357 4.28293 0)
(458.194 4.2716 0)
(497.987 4.31935 0)
(477.372 4.44071 0)
(487.585 4.3087 0)
(785.866 46.9008 0)
(604.101 55.0837 0)
(562.939 54.7111 0)
(214.05 46.6701 0)
(204.679 27.6625 0)
(759.421 56.0953 0)
(450.152 83.2771 0)
(16.117 70.1241 0)
(983.886 70.1378 0)
(170.369 54.8454 0)
(488.519 52.6909 0)
(309.224 30.3168 0)
(462.102 52.8299 0)
(186.987 54.3034 0)
(813.078 54.3469 0)
(257.451 52.0802 0)
(337.407 11.8999 0)
(318.513 22.3485 0)
(699.809 32.0465 0)
(686.853 52.1812 0)
(145.578 59.5883 0)
(292.632 28.847 0)
(221.015 68.343 0)
(545.394 64.731 0)
(734.393 25.8525 0)
(325.029 73.0858 0)
(541.855 9.70849 0)
(717.921 50.8266 0)
(349.682 82.9352 0)
(753.931 52.4963 0)
(358.238 55.169 0)
(267.119 31.6037 0)
(570.247 9.86554 0)
(660.19 65.4586 0)
(319.246 53.7855 0)
(743.931 32.5543 0)
(915.829 82.0103 0)
(84.1714 82.0103 0)
(127.447 55.7715 0)
(500.035 83.9831 0)
(559.225 83.182 0)
(854.463 59.6371 0)
(864.248 67.9764 0)
(526.659 29.2626 0)
(764.955 52.7977 0)
(521.743 82.7451 0)
(509.282 31.1179 0)
(666.521 32.4622 0)
(416.333 53.876 0)
(549.623 32.5585 0)
(396.752 54.5868 0)
(592.049 40.1088 0)
(405.547 30.6889 0)
(300.171 52.4548 0)
(933.368 80.7412 0)
(66.6317 80.7412 0)
(876.384 62.0358 0)
(507.602 3.58687 0)
(788.511 39.8663 0)
(751.509 74.3793 0)
(275.545 54.5653 0)
(257.573 4.04108 0)
(338.044 54.6925 0)
(528.854 54.0946 0)
(663.906 26.6567 0)
(650.107 36.3481 0)
(861.29 81.8846 0)
(722.073 78.8759 0)
(992.684 84.6893 0)
(347.961 73.4504 0)
(310.805 79.315 0)
(774.489 27.2292 0)
(769.904 8.27262 0)
(105.658 91.4252 0)
(894.333 91.4241 0)
(566.455 30.2166 0)
(543.347 57.3642 0)
(408.291 80.3345 0)
(391.753 74.0567 0)
(480.462 72.5305 0)
(600.379 83.5155 0)
(729.265 75.3254 0)
(641.876 83.3191 0)
(276.047 18.7307 0)
(227.494 4.27577 0)
(644.257 8.91594 0)
(611.439 56.1444 0)
(7.30538 84.6909 0)
(570.24 55.8531 0)
(123.693 61.8865 0)
(736.052 34.5537 0)
(495.857 54.3347 0)
(765.103 82.583 0)
(469.116 54.5769 0)
(764.908 27.4184 0)
(355.098 22.8139 0)
(940.574 56.9247 0)
(59.4261 56.9247 0)
(992.33 65.1929 0)
(7.67241 65.1864 0)
(680.325 55.3061 0)
(582.05 26.2255 0)
(267.645 38.0884 0)
(742.223 59.1025 0)
(440 8.74851 0)
(838.129 82.4029 0)
(714.886 91.1145 0)
(213.484 7.08307 0)
(162.124 82.2378 0)
(787.709 4.64718 0)
(563.93 8.71224 0)
(795.649 7.7255 0)
(287.5 4.14934 0)
(584.48 58.092 0)
(482.478 80.4971 0)
(793.009 82.4553 0)
(770.442 55.4035 0)
(625.846 58.3125 0)
(670.365 83.353 0)
(207.144 82.2146 0)
(418.165 61.422 0)
(393.016 83.0809 0)
(632.535 22.933 0)
(650.802 84.2481 0)
(407.613 4.06689 0)
(264.452 8.54622 0)
(577.402 3.61693 0)
(458.68 26.9788 0)
(406.885 37.2703 0)
(725.92 8.64173 0)
(469.397 84.0816 0)
(414.414 92.5732 0)
(229.661 54.933 0)
(310.963 9.05932 0)
(219.459 61.5925 0)
(691.46 84.0654 0)
(463.029 34.1066 0)
(491.305 26.237 0)
(467.238 4.15015 0)
(781.078 61.5387 0)
(777.5 3.93984 0)
(772.79 63.0833 0)
(653.091 56.0979 0)
(868.767 61.9045 0)
(134.342 55.6522 0)
(760.851 8.1706 0)
(398.14 62.0548 0)
(628.345 27.6868 0)
(388.201 26.1471 0)
(331.444 51.7281 0)
(679.157 23.3092 0)
(498.557 61.873 0)
(652.574 42.6207 0)
(615.135 63.2406 0)
(204.322 57.6968 0)
(281.792 22.5576 0)
(573.735 62.9697 0)
(370.658 52.0611 0)
(229.876 61.1081 0)
(447.498 3.65887 0)
(294.672 8.36533 0)
(84.3288 55.5303 0)
(915.673 55.5308 0)
(479.961 8.86258 0)
(795.695 57.7142 0)
(49.3289 66.198 0)
(950.672 66.1984 0)
(335.264 92.6953 0)
(138.61 60.9839 0)
(817.901 53.7069 0)
(709.687 8.37907 0)
(609.708 84.3509 0)
(470.018 30.6077 0)
(182.258 53.7733 0)
(421.766 8.54019 0)
(834.055 54.5497 0)
(463.824 60.1171 0)
(672.738 32.6495 0)
(240.264 8.30238 0)
(567.447 83.0065 0)
(243.362 92.4604 0)
(501.823 9.12981 0)
(155.562 92.6307 0)
(701.155 8.54385 0)
(535.908 24.1997 0)
(379.141 84.4564 0)
(314.552 92.4679 0)
(293.583 56.7902 0)
(377.733 54.6102 0)
(711.026 54.5451 0)
(845 93.2267 0)
(715.214 17.4838 0)
(204.246 37.0339 0)
(660.196 84.5556 0)
(597.675 3.22971 0)
(578.053 31.4572 0)
(165.22 54.0135 0)
(386.515 63.1482 0)
(430.355 55.9039 0)
(742.133 83.9135 0)
(530.977 61.0353 0)
(524.848 8.27211 0)
(400 8.24307 0)
(392.347 66.7974 0)
(753.424 59.3889 0)
(728.17 83.6623 0)
(357.395 3.27652 0)
(473.804 9.19652 0)
(282.34 28.2257 0)
(509.924 55.451 0)
(690 8.2101 0)
(302.907 84.4281 0)
(187.526 84.3145 0)
(637.628 3.25319 0)
(381.623 8.89042 0)
(648.405 47.8131 0)
(538.17 62.8327 0)
(200.737 84.7333 0)
(686.787 59.4518 0)
(389.393 31.9596 0)
(325.597 56.9554 0)
(112.711 55.4577 0)
(887.32 55.4794 0)
(799.342 85.0176 0)
(227.689 14.6567 0)
(795.949 13.0986 0)
(792.114 16.141 0)
(750.282 8.06103 0)
(340.534 8.22845 0)
(229.058 85.2216 0)
(812.612 84.47 0)
(958.041 55.6747 0)
(41.963 55.6721 0)
(709.39 62.677 0)
(433.767 16.6325 0)
(320.611 8.56552 0)
(631.623 8.84087 0)
(618.152 84.6644 0)
(694.037 70.4749 0)
(442.569 53.6315 0)
(457.603 65.4658 0)
(521.668 52.4523 0)
(507.615 84.4476 0)
(305.196 7.97127 0)
(277.667 3.58352 0)
(747.732 62.1077 0)
(540.495 70.1206 0)
(232.06 8.04879 0)
(462.444 7.99902 0)
(257.205 92.2593 0)
(281.298 84.8369 0)
(716.391 13.2406 0)
(774.848 33.3037 0)
(167.966 77.5111 0)
(796.999 27.406 0)
(557.561 3.07951 0)
(796.346 23.1542 0)
(401.491 85.5052 0)
(242.84 54.5432 0)
(335 7.87117 0)
(365.445 20.3083 0)
(622.651 26.8525 0)
(415.448 8.10075 0)
(233.961 51.2682 0)
(360.398 24.2219 0)
(429.931 20.9138 0)
(832.54 77.7317 0)
(106.172 54.441 0)
(893.863 54.4539 0)
(714.834 22.8168 0)
(791.287 32.156 0)
(224.712 63.4908 0)
(678.074 3.99949 0)
(333.139 16.136 0)
(515.955 57.8649 0)
(625.737 8.22765 0)
(495.762 8.33899 0)
(527.137 36.1768 0)
(323.139 23.6809 0)
(734.424 9.8664 0)
(698.328 59.5653 0)
(810.699 58.2167 0)
(281.405 57.2824 0)
(146.876 54.0795 0)
(693.064 63.1242 0)
(451.64 70.2897 0)
(969.286 64.4411 0)
(30.7173 64.4333 0)
(671.193 8.19731 0)
(232.396 17.2664 0)
(325.929 64.9639 0)
(853.188 54.0875 0)
(426.018 84.598 0)
(392.403 8.44237 0)
(328.061 19.9705 0)
(575 94.1807 0)
(992.976 57.0866 0)
(7.02371 57.0866 0)
(992.646 92.6456 0)
(901.811 62.6649 0)
(98.1892 62.6649 0)
(694.482 77.5453 0)
(591.43 8.46801 0)
(792.454 40 0)
(7.32051 92.6795 0)
(665.701 8.11203 0)
(203.66 3.66025 0)
(189.37 58.0772 0)
(250.198 7.68809 0)
(20.6711 84.3216 0)
(979.32 84.3239 0)
(659.849 71.9083 0)
(796.365 3.6348 0)
(619.894 7.85028 0)
(435.17 8.00627 0)
(437.256 12.6047 0)
(172.737 59.4671 0)
(664.471 43.238 0)
(222.5 2.94891 0)
(380.1 62.0317 0)
(675.488 16.268 0)
(737.516 3.06761 0)
(800.754 59.7264 0)
(212.946 85.4035 0)
(775.067 7.1105 0)
(237.108 19.5583 0)
(758.827 85.6201 0)
(660.264 7.53207 0)
(475.121 22.8936 0)
(207.893 34.4495 0)
(255.419 84.0869 0)
(771.15 85.8409 0)
(199.299 59.5658 0)
(431.531 25.384 0)
(288.755 85.3987 0)
(678.013 32.1124 0)
(492.345 30.9883 0)
(259.942 7.35446 0)
(330.831 7.50391 0)
(708.515 85.388 0)
(490.246 7.44186 0)
(532.928 27.7447 0)
(377.5 3.02672 0)
(315.179 7.47043 0)
(829.109 53.4598 0)
(245.83 50.8683 0)
(35 94.5372 0)
(965 94.5372 0)
(784.211 7.57798 0)
(212.942 3.0963 0)
(21.9037 64.4362 0)
(226.378 72.7788 0)
(721.035 85.7144 0)
(551.445 7.99319 0)
(436.126 58.4439 0)
(791.946 36.1642 0)
(320.383 68.1388 0)
(476.492 39.4855 0)
(978.102 64.4793 0)
(474.498 15.1668 0)
(341.359 85.7181 0)
(489.09 34.9391 0)
(517.5 2.83797 0)
(545 7.358 0)
(141.758 93.2118 0)
(318.538 26.9684 0)
(908.466 54.2452 0)
(91.5342 54.2452 0)
(730.207 7.819 0)
(310.041 86.5973 0)
(356.126 27.6686 0)
(787.343 85.6527 0)
(680.908 7.89405 0)
(453.425 76.9605 0)
(281.749 65.0544 0)
(684.74 84.5835 0)
(855 94.9719 0)
(265.235 77.6122 0)
(621.649 62.9718 0)
(618.665 30.9643 0)
(705.156 7.3301 0)
(840.839 88.0214 0)
(654.99 61.9768 0)
(363.678 77.0245 0)
(614.517 7.77399 0)
(196.427 53.9505 0)
(585.734 7.86267 0)
(580.227 62.8196 0)
(919.34 61.5254 0)
(80.6624 61.5261 0)
(385.294 7.55459 0)
(289.894 7.16272 0)
(803.51 54.0892 0)
(717.713 25.7385 0)
(351.571 7.99348 0)
(570.07 15.3421 0)
(410.051 87.1807 0)
(483.801 33.6458 0)
(281.182 7.97329 0)
(779.927 39.3435 0)
(409.874 7.11313 0)
(476.482 84.7444 0)
(542.405 76.9274 0)
(70.605 86.1901 0)
(929.395 86.1901 0)
(49.8267 86.3323 0)
(43.6248 84.6004 0)
(950.173 86.3323 0)
(956.375 84.6004 0)
(273.718 8.3807 0)
(791.458 7.65295 0)
(734.988 30.0763 0)
(431.179 7.929 0)
(985.954 80.0576 0)
(182.67 78.7835 0)
(14.0437 80.0519 0)
(159.38 87.75 0)
(72.3572 61.3906 0)
(927.652 61.386 0)
(456.56 8.08902 0)
(765 6.97613 0)
(366.53 12.5836 0)
(521.144 7.70225 0)
(785.723 42.6144 0)
(242.265 27.8319 0)
(709.215 31.1542 0)
(817.579 78.9267 0)
(319.701 78.7702 0)
(344.482 7.99079 0)
(204.507 47.2515 1)
(252.632 4.15271 1)
(752.591 4.45139 1)
(733.139 4.5178 1)
(272.5 4.33013 1)
(712.5 4.33013 1)
(292.482 4.00911 1)
(692.684 4.53518 1)
(312.5 4.33013 1)
(673.139 3.92694 1)
(332.582 4.07151 1)
(652.5 4.33013 1)
(353.166 4.03936 1)
(633.1 4.18439 1)
(372.754 4.66239 1)
(612.5 4.33013 1)
(392.491 3.44953 1)
(593.246 4.11483 1)
(412.589 3.9834 1)
(572.822 4.36321 1)
(432.697 4.03394 1)
(553.138 3.89607 1)
(452.441 4.99699 1)
(532.487 4.34535 1)
(512.669 4.65274 1)
(492.627 4.07295 1)
(472.073 4.32345 1)
(795.601 47.4642 1)
(232.41 3.4021 1)
(745.486 91.5887 1)
(265.766 91.5858 1)
(704.718 91.9132 1)
(305.081 92.3453 1)
(665.326 91.8929 1)
(345.294 92.2721 1)
(625.155 90.3395 1)
(385.444 89.8738 1)
(584.545 90.839 1)
(423.778 91.9352 1)
(465.073 91.538 1)
(545.244 91.1794 1)
(504.523 91.8542 1)
(772.538 3.98085 1)
(795.611 32.4032 1)
(204.33 32.5 1)
(235.44 90.4823 1)
(204.426 52.5628 1)
(209.076 49.8734 1)
(795.65 52.5343 1)
(790.938 49.9218 1)
(791.007 55.432 1)
(786.016 52.615 1)
(807.855 54.5025 1)
(192.176 54.4587 1)
(209.003 55.3906 1)
(213.948 52.5606 1)
(823.376 55.1501 1)
(176.991 55.5747 1)
(204.795 17.5425 1)
(840.307 55.5857 1)
(159.803 55.5735 1)
(786.128 58.5194 1)
(780.947 55.5738 1)
(781.079 49.6044 1)
(775.732 52.4918 1)
(775.82 46.4201 1)
(770.438 49.3843 1)
(770.522 43.1992 1)
(765.107 46.0917 1)
(791.429 61.3803 1)
(765.241 39.8983 1)
(759.726 42.7974 1)
(759.591 49.1921 1)
(754.131 45.8289 1)
(754.333 39.4251 1)
(748.562 42.3507 1)
(748.37 48.9881 1)
(742.765 45.3742 1)
(748.989 35.9862 1)
(796.24 18.0749 1)
(770.487 36.8244 1)
(742.42 52.2313 1)
(736.397 48.3729 1)
(736.182 55.608 1)
(730.101 51.7639 1)
(730.472 44.5289 1)
(724.161 47.8195 1)
(724.578 40.7424 1)
(718.336 43.9082 1)
(775.99 57.8651 1)
(859.186 55.246 1)
(141.104 54.9828 1)
(213.844 58.4266 1)
(218.975 55.4908 1)
(218.834 49.5562 1)
(224.145 52.4368 1)
(224.048 46.3426 1)
(229.311 49.1194 1)
(229.306 43.0812 1)
(234.626 45.9064 1)
(208.622 61.269 1)
(234.59 39.8584 1)
(240.052 42.8531 1)
(239.945 49.6707 1)
(245.827 45.6722 1)
(245.513 39.3956 1)
(251.302 42.2918 1)
(251.513 48.8648 1)
(257.122 45.3358 1)
(256.801 38.7498 1)
(262.605 41.7141 1)
(263.08 48.3508 1)
(268.711 44.6649 1)
(269.236 51.5283 1)
(275.088 47.6591 1)
(274.568 40.6517 1)
(280.876 43.6691 1)
(281.386 50.5391 1)
(287.311 46.6177 1)
(286.761 39.6338 1)
(293.15 42.4956 1)
(229.224 36.9527 1)
(293.76 49.4916 1)
(299.529 45.3444 1)
(298.839 38.3923 1)
(305.237 41.1408 1)
(306.043 48.2052 1)
(311.779 43.8714 1)
(312.701 51.0681 1)
(318.418 46.6232 1)
(317.458 39.5969 1)
(324.095 42.2405 1)
(325.032 49.2059 1)
(330.641 44.7326 1)
(718.742 37.0722 1)
(712.527 40.0636 1)
(712.17 46.958 1)
(706.315 43.0856 1)
(705.806 50.1067 1)
(699.774 46.1549 1)
(699.246 53.2521 1)
(693.275 49.3338 1)
(693.765 42.1256 1)
(687.347 45.1941 1)
(688.012 38.1591 1)
(681.613 41.1248 1)
(680.917 48.1946 1)
(675.123 44.101 1)
(879.825 55.68 1)
(120.201 55.6363 1)
(329.66 37.8318 1)
(336.157 40.3547 1)
(337.121 47.3515 1)
(342.907 42.7832 1)
(343.892 50.0005 1)
(349.734 45.2739 1)
(350.961 52.5036 1)
(356.622 47.7966 1)
(355.374 40.6608 1)
(362.211 43.1291 1)
(363.867 50.1826 1)
(369.09 45.3913 1)
(367.68 38.4624 1)
(374.342 40.7429 1)
(375.849 47.6948 1)
(381.178 42.967 1)
(382.748 49.9422 1)
(388.201 45.1584 1)
(389.686 52.3252 1)
(395.135 47.3799 1)
(393.703 38.9445 1)
(401.062 42.0736 1)
(402.199 49.5138 1)
(407.771 44.4539 1)
(409.139 51.6745 1)
(414.543 46.6417 1)
(413.041 39.5879 1)
(419.933 41.5121 1)
(421.474 48.5916 1)
(426.947 43.4601 1)
(428.563 50.514 1)
(433.861 45.5078 1)
(435.502 52.075 1)
(440.892 47.1579 1)
(439.002 40.3583 1)
(446.029 42.2493 1)
(447.973 49.0936 1)
(453.084 44.0775 1)
(455.044 51.1454 1)
(460.11 45.8714 1)
(458.079 39.1337 1)
(465.042 40.8503 1)
(467.132 47.5905 1)
(471.988 42.7672 1)
(474.16 49.3399 1)
(479.063 44.4633 1)
(481.312 51.0909 1)
(486.247 45.6879 1)
(483.638 38.9523 1)
(491.235 40.6578 1)
(493.336 47.194 1)
(498.129 41.8493 1)
(500.366 48.6251 1)
(505.232 43.2544 1)
(507.515 50.0898 1)
(512.411 44.771 1)
(514.601 51.2407 1)
(519.592 45.974 1)
(517.311 39.3988 1)
(524.039 40.9193 1)
(526.677 47.4367 1)
(531.056 42.3094 1)
(533.733 49.0485 1)
(538.453 43.591 1)
(540.957 50.4268 1)
(545.716 44.9339 1)
(548.189 51.8509 1)
(553.044 46.2998 1)
(555.49 53.289 1)
(560.315 47.6314 1)
(557.891 40.8029 1)
(564.952 42.1201 1)
(567.525 48.8833 1)
(572.102 43.3539 1)
(574.723 50.1124 1)
(579.679 44.4389 1)
(581.967 51.3809 1)
(587.167 45.5947 1)
(589.358 52.669 1)
(594.283 46.9099 1)
(596.668 53.9598 1)
(601.449 48.1813 1)
(598.993 41.3079 1)
(606.067 42.503 1)
(608.662 49.2795 1)
(613.246 43.5981 1)
(615.886 50.3907 1)
(620.419 44.6741 1)
(623.15 51.5073 1)
(627.713 45.7529 1)
(630.475 52.598 1)
(635.008 46.7776 1)
(637.856 53.7318 1)
(632.296 40.0943 1)
(577.141 37.0442 1)
(639.382 41.0629 1)
(676.5 37.3201 1)
(674.382 51.3099 1)
(417.992 34.7548 1)
(535.918 36.1771 1)
(98.7011 55.986 1)
(901.299 55.986 1)
(603.468 35.8998 1)
(724.648 33.9046 1)
(712.978 33.4837 1)
(496.02 34.9827 1)
(335.018 33.5387 1)
(636.797 34.5904 1)
(643.566 35.5476 1)
(470.589 36.9424 1)
(75.9142 56.1759 1)
(924.095 56.1789 1)
(729.686 59.1721 1)
(372.895 33.9215 1)
(366.519 31.7452 1)
(629.995 33.4987 1)
(224.299 58.4082 1)
(325.085 91.1849 1)
(686.087 91.8723 1)
(536.164 55.8801 1)
(50.5007 57.8926 1)
(949.499 57.8926 1)
(815.453 91.9215 1)
(184.611 91.8829 1)
(704.174 57.4811 1)
(411.431 32.782 1)
(641.079 29.355 1)
(647.587 30.2521 1)
(217.893 4.06792 1)
(285.665 92.2612 1)
(365 91.3397 1)
(328.785 31.1293 1)
(484.159 90.3673 1)
(445.311 91.3325 1)
(965.988 57.0158 1)
(34.031 57.0045 1)
(754.637 33.188 1)
(749.445 29.8643 1)
(754.848 27.1304 1)
(405.039 92.4017 1)
(577.394 57.106 1)
(503.318 55.6256 1)
(476.19 56.4964 1)
(562.612 35.3682 1)
(521.617 34.3072 1)
(234.353 33.8652 1)
(229.163 30.9995 1)
(234.286 27.8878 1)
(229.064 25.2418 1)
(782.224 3.98838 1)
(242.555 4.38592 1)
(444.078 35.4995 1)
(692.854 56.1007 1)
(835 91.3397 1)
(165 91.3397 1)
(742.161 4.81601 1)
(762.5 3.99986 1)
(304.308 34.3372 1)
(298.258 31.6606 1)
(262.49 4.07969 1)
(282.837 4.04324 1)
(722.574 4.63146 1)
(302.588 4.37427 1)
(702.5 4.33013 1)
(682.753 4.20269 1)
(322.971 4.49225 1)
(662.632 4.06903 1)
(342.668 4.16701 1)
(361.825 4.34805 1)
(622.682 4.12396 1)
(642.236 4.1244 1)
(602.236 4.18894 1)
(402.72 4.24419 1)
(382.06 4.34875 1)
(422.378 3.56304 1)
(582.255 4.8316 1)
(562.111 3.98058 1)
(442.88 4.25671 1)
(542.5 4.33013 1)
(502.713 4.37433 1)
(521.944 4.27704 1)
(462.521 3.7007 1)
(482.713 4.4335 1)
(618.691 57.3032 1)
(646.261 41.8635 1)
(645.406 91.648 1)
(344.97 57.4285 1)
(352.35 60.1228 1)
(262.216 35.1434 1)
(256.545 32.3251 1)
(261.675 28.8381 1)
(449.475 55.9801 1)
(423.73 55.7688 1)
(403.772 56.862 1)
(384.548 57.0869 1)
(863.827 91.3433 1)
(133.779 91.561 1)
(306.698 55.5044 1)
(313.729 58.5258 1)
(604.81 91.7196 1)
(263.184 55.4156 1)
(269.817 58.873 1)
(525.374 91.382 1)
(303.429 27.7885 1)
(748.265 55.7845 1)
(565.92 91.2797 1)
(632.903 59.7259 1)
(640.897 60.9712 1)
(591.588 59.861 1)
(550.542 59.113 1)
(884.748 91.3996 1)
(115.252 91.3996 1)
(764.987 91.0856 1)
(416.301 28.2418 1)
(410.128 26.3329 1)
(256.242 26.1122 1)
(934.999 90.4089 1)
(65.0006 90.4089 1)
(213.917 64.673 1)
(207.964 67.7846 1)
(333.971 26.9994 1)
(786.121 64.734 1)
(792.116 67.9759 1)
(85.3982 91.2653 1)
(914.602 91.2653 1)
(371.575 27.3812 1)
(365.629 25.558 1)
(214.06 71.4758 1)
(297.683 25.2297 1)
(224.185 28.1604 1)
(749.731 23.8583 1)
(785.821 71.6564 1)
(328.15 24.9922 1)
(263.179 62.8815 1)
(224.095 22.5947 1)
(44.276 91.8569 1)
(955.724 91.8569 1)
(233.626 22.2881 1)
(26.2858 91.0406 1)
(973.703 91.0456 1)
(725.158 92.4095 1)
(744.465 26.5749 1)
(596.694 34.6951 1)
(601.047 29.585 1)
(594.495 28.4373 1)
(607.542 30.5582 1)
(555.79 34.1429 1)
(560.145 29.02 1)
(553.763 27.7584 1)
(515.28 32.8287 1)
(519.689 27.8561 1)
(513.473 26.4486 1)
(437.448 33.6923 1)
(442.237 28.9761 1)
(436.224 27.3044 1)
(736.129 63.1481 1)
(605.227 24.5466 1)
(611.483 25.5134 1)
(694.13 35.1625 1)
(688.605 31.3453 1)
(694.475 28.5118 1)
(689.221 24.9276 1)
(645.232 24.205 1)
(651.567 25.1718 1)
(638.916 23.4088 1)
(653.989 31.0862 1)
(657.781 25.9536 1)
(377.759 29.5018 1)
(340.031 29.3464 1)
(307.382 63.1766 1)
(261.271 22.7541 1)
(266.664 25.3904 1)
(754.906 21.2334 1)
(759.948 24.3113 1)
(270.431 66.5522 1)
(218.749 43.5219 1)
(694.926 22.2005 1)
(781.113 43.3838 1)
(376.453 23.2031 1)
(382.379 25.1046 1)
(219.251 25.6404 1)
(338.982 23.0331 1)
(344.996 25.2819 1)
(557.949 22.9409 1)
(564.175 24.0776 1)
(551.844 21.7378 1)
(207.744 74.8654 1)
(201.611 70.8847 1)
(314.52 66.2711 1)
(414.775 22.0753 1)
(219.255 19.9984 1)
(440.607 22.7542 1)
(446.656 24.4194 1)
(434.959 21.5064 1)
(668.842 47.1939 1)
(667.708 54.4275 1)
(673.864 58.8 1)
(666.878 62.1161 1)
(673.51 66.7475 1)
(792.332 75.1481 1)
(798.541 71.116 1)
(346.292 65.1037 1)
(635.587 67.2268 1)
(644.023 68.499 1)
(302.7 21.5572 1)
(308.345 23.9882 1)
(517.817 21.7357 1)
(523.874 23.0149 1)
(511.782 20.4651 1)
(408.793 20.2743 1)
(404.196 24.3855 1)
(744.75 20.688 1)
(739.569 23.3134 1)
(599.478 61.2427 1)
(729.342 66.8865 1)
(558.194 60.6115 1)
(483.645 58.2867 1)
(478.291 64.0059 1)
(486.059 65.813 1)
(353.826 67.9532 1)
(255.988 20.1597 1)
(251.042 23.361 1)
(552.974 66.6522 1)
(561.059 68.2366 1)
(594.094 67.4252 1)
(602.488 68.8463 1)
(223.733 17.2029 1)
(338.828 62.1976 1)
(470.867 62.0315 1)
(266.287 19.47 1)
(271.541 22.0449 1)
(655.423 20.2601 1)
(661.435 20.9713 1)
(689.822 18.7649 1)
(684.295 21.2881 1)
(760.004 18.6114 1)
(764.762 21.5322 1)
(297.074 19.1111 1)
(292.141 22.6308 1)
(402.898 18.4282 1)
(250.859 17.4982 1)
(739.171 29.1966 1)
(609.174 19.7377 1)
(615.268 20.6762 1)
(603.191 18.7513 1)
(340.015 70.272 1)
(343.863 19.1303 1)
(349.693 21.3052 1)
(992.26 74.8016 1)
(7.73722 74.7947 1)
(739.997 17.4693 1)
(734.763 20.0941 1)
(398.379 22.4652 1)
(381.161 19.1147 1)
(472.746 69.8257 1)
(465.303 67.7436 1)
(444.895 18.4157 1)
(450.862 19.9386 1)
(666.26 70.0055 1)
(201.196 78.2589 1)
(194.971 74.1837 1)
(213.992 78.5933 1)
(220.452 75.456 1)
(764.874 16.0318 1)
(769.549 18.9066 1)
(660.506 57.5389 1)
(798.955 78.566 1)
(805.243 74.4182 1)
(307.61 17.944 1)
(313.099 20.2367 1)
(736.111 71.0579 1)
(660.362 31.852 1)
(263.896 70.5612 1)
(256.407 66.998 1)
(257.561 75.9912 1)
(249.736 71.5626 1)
(786.031 78.8889 1)
(779.263 75.3092 1)
(700.088 25.6379 1)
(700.471 19.4786 1)
(642.874 18.5556 1)
(636.861 17.8459 1)
(507.469 24.9825 1)
(505.752 19.1339 1)
(705.707 22.9249 1)
(705.873 16.7929 1)
(710.709 20.1511 1)
(547.657 26.388 1)
(545.758 20.5049 1)
(338.292 17.2558 1)
(271.221 74.2837 1)
(278.151 70.1239 1)
(562.035 18.2678 1)
(567.771 19.5023 1)
(375.381 17.1806 1)
(291.559 16.65 1)
(286.788 19.9812 1)
(397.229 16.5709 1)
(323.043 29.1272 1)
(219.076 31.4144 1)
(214.614 22.8854 1)
(214.608 17.4971 1)
(308.276 71.2365 1)
(300.697 67.9056 1)
(501.435 23.6651 1)
(499.809 17.7959 1)
(495.527 22.2322 1)
(493.914 16.4211 1)
(489.806 20.7285 1)
(722.727 62.6914 1)
(722.29 70.657 1)
(541.675 25.1883 1)
(539.846 19.628 1)
(769.71 24.5436 1)
(774.294 21.7321 1)
(774.265 16.2846 1)
(778.923 19.0723 1)
(778.911 24.4695 1)
(783.568 21.8391 1)
(783.531 27.1725 1)
(783.539 16.4823 1)
(672.866 75.036 1)
(680.503 71.3813 1)
(570.207 25.1264 1)
(573.738 19.0785 1)
(555.618 74.6887 1)
(547.656 72.3555 1)
(420.747 23.8487 1)
(419.279 17.8831 1)
(522.035 17.2422 1)
(745.298 14.9006 1)
(452.946 25.9476 1)
(456.883 21.3662 1)
(249.966 79.6707 1)
(242.697 75.7831 1)
(242.472 67.7377 1)
(360.552 29.8829 1)
(617.598 26.3714 1)
(621.165 21.402 1)
(788.131 24.5158 1)
(792.737 3.83105 1)
(204.562 7.62164 1)
(488.213 15.0697 1)
(484.092 19.3256 1)
(287.188 25.9754 1)
(271.058 16.1984 1)
(755.183 15.5808 1)
(255.944 14.3252 1)
(245.796 20.7571 1)
(246.126 26.348 1)
(597.174 75.2472 1)
(588.798 73.7459 1)
(790.595 44.2426 1)
(619.029 15.9549 1)
(454.949 15.6122 1)
(460.853 16.9962 1)
(462.705 22.7171 1)
(466.703 18.3344 1)
(209.099 44.1595 1)
(316.294 73.3607 1)
(332.533 67.5493 1)
(549.698 15.9649 1)
(485.728 25.1171 1)
(480.018 23.9042 1)
(478.159 17.9072 1)
(245.792 14.9638 1)
(645.545 54.7162 1)
(624.938 16.7617 1)
(272.074 27.9651 1)
(348.576 15.3901 1)
(354.102 17.4215 1)
(659.066 15.4898 1)
(664.961 16.1831 1)
(667.378 21.6271 1)
(670.61 16.6603 1)
(652.992 14.7495 1)
(590.142 33.4164 1)
(588.108 27.1498 1)
(592.526 22.3943 1)
(586.191 21.1805 1)
(590.344 16.6207 1)
(584.301 15.5278 1)
(638.834 74.963 1)
(630.446 73.6443 1)
(647.262 76.2329 1)
(527.84 18.4319 1)
(530.067 23.626 1)
(430.31 30.9868 1)
(221.028 83.7596 1)
(607.088 14.2063 1)
(626.693 22.1388 1)
(407.463 14.4404 1)
(684.935 15.3614 1)
(804.392 66.1244 1)
(811.389 70.0552 1)
(673.955 21.5258 1)
(333.492 75.6053 1)
(360.045 62.826 1)
(361.691 70.4884 1)
(367.896 65.4439 1)
(369.578 73.3043 1)
(356.444 75.8106 1)
(399.597 28.5551 1)
(195.794 65.9446 1)
(188.851 69.8487 1)
(779.338 83.9653 1)
(576.115 25.3508 1)
(383.867 31.3305 1)
(469.543 24.3226 1)
(410.947 59.1576 1)
(405.361 64.5565 1)
(412.952 66.9714 1)
(407.006 72.5636 1)
(399.13 69.8993 1)
(415.043 75.0333 1)
(421.085 69.2626 1)
(346.73 31.6895 1)
(779.012 29.8601 1)
(783.513 32.607 1)
(234.15 72.4731 1)
(656.528 37.116 1)
(296.275 13.4098 1)
(743.861 67.3557 1)
(772.078 79.0409 1)
(669.956 27.074 1)
(286.255 14.2679 1)
(509.948 14.7615 1)
(765.247 33.5971 1)
(735.053 14.5384 1)
(729.967 16.9228 1)
(729.581 22.6678 1)
(724.845 19.8048 1)
(565.834 13.9179 1)
(772.164 71.4064 1)
(765.286 75.021 1)
(765.334 67.3399 1)
(758.535 70.9475 1)
(758.276 78.8191 1)
(15.1565 59.1131 1)
(984.861 59.1315 1)
(387.002 20.7685 1)
(385.024 13.4452 1)
(563.917 76.1588 1)
(569.395 69.888 1)
(572.831 77.9327 1)
(743.108 75.3156 1)
(711.384 13.6775 1)
(601.243 13.1057 1)
(265.859 13.7611 1)
(560.343 12.6793 1)
(312.308 14.5091 1)
(317.712 16.6462 1)
(281.43 17.3509 1)
(605.606 76.6126 1)
(610.936 70.3065 1)
(614.657 77.8956 1)
(301.503 76.1152 1)
(293.877 72.7566 1)
(293.43 64.4579 1)
(375.537 68.0835 1)
(377.427 76.4642 1)
(235.42 64.3806 1)
(700.771 13.7472 1)
(725.095 13.8829 1)
(735.794 79.4578 1)
(188.443 77.0199 1)
(182.436 72.5977 1)
(182.857 65.7041 1)
(176.349 68.5748 1)
(175.57 76.5891 1)
(169.431 71.2218 1)
(170.746 64.536 1)
(163.748 66.6874 1)
(162.407 73.8245 1)
(156.712 69.1146 1)
(155.346 76.6472 1)
(149.366 71.7119 1)
(147.384 79.4963 1)
(141.039 73.6456 1)
(151.09 64.3249 1)
(384.106 70.1978 1)
(715.559 66.5232 1)
(715.054 74.5967 1)
(708.107 70.3062 1)
(526.088 13.0614 1)
(531.714 13.6964 1)
(811.796 77.213 1)
(817.833 72.7891 1)
(817.405 65.8711 1)
(823.945 68.7524 1)
(824.73 76.7313 1)
(830.895 71.3663 1)
(829.851 64.3587 1)
(836.706 66.8156 1)
(837.969 73.9605 1)
(843.758 69.2693 1)
(845.043 76.8276 1)
(851.016 71.8418 1)
(852.884 79.6082 1)
(858.905 74.1385 1)
(849.171 64.354 1)
(617.793 36.953 1)
(759.078 63.2726 1)
(466.997 75.9418 1)
(459.104 73.0175 1)
(474.982 78.0971 1)
(200.903 54.7311 1)
(497.968 12.2986 1)
(306.561 12.5215 1)
(799.137 54.7433 1)
(464.757 13.0087 1)
(690.292 13.0613 1)
(242.31 60.3515 1)
(652.917 69.0956 1)
(655.879 77.5256 1)
(424.856 19.5949 1)
(423.514 13.9718 1)
(417.593 12.6488 1)
(423.348 77.2401 1)
(429.519 71.4781 1)
(431.935 80.0744 1)
(437.933 73.847 1)
(319.953 61.5258 1)
(640.729 13.1794 1)
(435.896 65.5654 1)
(443.952 67.7932 1)
(446.197 76.03 1)
(720.278 16.0929 1)
(719.615 21.6116 1)
(278.215 77.8566 1)
(520.283 11.6398 1)
(316.612 11.6193 1)
(322.138 13.4317 1)
(676.069 27.367 1)
(400.029 77.5363 1)
(779.288 35.4217 1)
(765.154 59.8688 1)
(470.162 13.9911 1)
(391.29 59.5149 1)
(313.982 26.2051 1)
(205.961 90.8305 1)
(294.928 81.3831 1)
(634.463 12.9056 1)
(846.21 84.8952 1)
(241.008 18.0113 1)
(240.721 12.6982 1)
(663.054 37.9333 1)
(658.839 43.305 1)
(393.835 27.1135 1)
(668.284 12.0863 1)
(674.195 12.0919 1)
(276.956 25.0819 1)
(276.844 30.465 1)
(794.171 90.9683 1)
(588.026 11.2515 1)
(236.21 15.4599 1)
(280.969 11.8418 1)
(154.201 84.7687 1)
(457.084 58.3695 1)
(502.977 29.6085 1)
(464.424 28.603 1)
(543.468 31.0409 1)
(491.046 59.9994 1)
(493.862 67.7151 1)
(488.392 74.3209 1)
(496.668 75.7648 1)
(502.188 69.4207 1)
(505.134 77.2558 1)
(510.841 70.9703 1)
(513.627 79.1669 1)
(519.238 72.9983 1)
(516.865 64.8617 1)
(525.104 66.5059 1)
(527.671 74.7188 1)
(533.187 68.1688 1)
(228.91 68.0024 1)
(707.741 78.2588 1)
(700.562 73.8069 1)
(705.289 28.8828 1)
(481.632 29.4045 1)
(341.509 78.6273 1)
(716.763 58.6465 1)
(536.158 75.7083 1)
(428.848 15.3783 1)
(714.887 82.5096 1)
(633.468 81.756 1)
(239.268 30.6825 1)
(331.974 59.6224 1)
(236.261 56.7113 1)
(656.714 9.95433 1)
(487.543 30.1841 1)
(594.211 12.4027 1)
(227.694 78.8221 1)
(353 12.0628 1)
(358.6 13.7627 1)
(348.055 10.0402 1)
(359.54 19.0997 1)
(363.996 15.6362 1)
(523.057 59.1369 1)
(678.843 80.3485 1)
(687.693 76.1498 1)
(687.305 66.9713 1)
(373.061 59.8912 1)
(427.697 10.3527 1)
(432.389 11.6559 1)
(385.217 79.5403 1)
(583.678 32.0739 1)
(334.265 84.1425 1)
(475.458 27.9715 1)
(147.629 88.7237 1)
(679.665 18.297 1)
(417.174 83.7703 1)
(236.334 10.3445 1)
(231.774 12.7162 1)
(579.14 70.5802 1)
(620.723 70.6817 1)
(622.734 11.4979 1)
(616.585 11.2785 1)
(854.192 87.6282 1)
(209.991 20.1826 1)
(209.752 25.4856 1)
(209.895 14.9947 1)
(214.281 12.1772 1)
(572.42 30.9192 1)
(596.956 17.721 1)
(322.992 18.7173 1)
(327.514 14.9131 1)
(326.63 9.53874 1)
(331.998 11.7048 1)
(591.453 82.4856 1)
(326.182 81.149 1)
(317.344 84.9293 1)
(720.303 9.92151 1)
(582.336 80.3609 1)
(575.343 86.4792 1)
(209.382 9.78669 1)
(624.749 80.386 1)
(549.403 81.8552 1)
(646.875 14.0682 1)
(270.28 9.96158 1)
(769.915 30.2536 1)
(426.552 25.3065 1)
(242.937 84.4279 1)
(250.261 88.5025 1)
(245.331 9.5855 1)
(490.954 83.1457 1)
(356.986 7.99517 1)
(700.343 83.1437 1)
(784.167 91.9856 1)
(477.183 34.3024 1)
(370.248 82.367 1)
(597.891 7.8448 1)
(701.117 65.252 1)
(628.441 12.4193 1)
(531.025 82.9961 1)
(205.061 22.679 1)
(627.851 65.3208 1)
(685.268 9.30232 1)
(225.493 91.8221 1)
(215.958 91.9424 1)
(165.797 59.6484 1)
(194.763 90.6644 1)
(625.088 38.8878 1)
(623.591 32.4947 1)
(586.387 65.3501 1)
(805.045 91.1356 1)
(537.246 29.6887 1)
(531.3 32.1122 1)
(823.152 61.7752 1)
(816.812 59.0374 1)
(810.908 63.3194 1)
(825.161 91.7123 1)
(174.987 91.7647 1)
(170.299 83.6825 1)
(797.131 64.0133 1)
(503.896 13.7266 1)
(507.627 8.90727 1)
(513.578 10.4749 1)
(515.907 16.0532 1)
(261.036 16.9461 1)
(260.596 11.6323 1)
(700.01 38.9761 1)
(395.338 32.4148 1)
(401.046 34.808 1)
(202.968 63.8792 1)
(612.836 15.0027 1)
(249.082 63.5032 1)
(271.396 83.2138 1)
(249.026 55.5906 1)
(256.388 59.4115 1)
(343.251 12.7334 1)
(679.848 12.2678 1)
(379.185 12.7936 1)
(374.113 11.1046 1)
(662.452 11.0045 1)
(706.624 35.3134 1)
(711.971 26.9368 1)
(835.615 60.1715 1)
(177.185 62.1248 1)
(183.549 58.9882 1)
(189.297 63.1748 1)
(752.117 66.5767 1)
(385.931 37.7519 1)
(370.756 21.453 1)
(333.43 21.3835 1)
(595.163 91.4336 1)
(535.473 91.4556 1)
(664.431 77.183 1)
(255.371 8.65963 1)
(250.549 12.0887 1)
(179.3 84.5231 1)
(820.906 84.5936 1)
(401.658 12.892 1)
(396.557 10.8835 1)
(439.226 17.3267 1)
(442.985 13.2583 1)
(448.989 14.1631 1)
(447.169 8.53415 1)
(453.247 10.0982 1)
(458.824 11.555 1)
(634.578 28.6046 1)
(492.137 10.9948 1)
(486.611 9.542 1)
(718.511 30.8158 1)
(723.633 26.5117 1)
(730.336 30.7022 1)
(730.403 37.5297 1)
(736.432 41.2807 1)
(705.647 11.4681 1)
(290.804 11.434 1)
(682.623 34.6743 1)
(292.711 35.488 1)
(543.838 14.9717 1)
(547.592 10.3368 1)
(553.66 11.9148 1)
(537.839 13.98 1)
(555.922 17.2509 1)
(557.559 7.52091 1)
(442.39 60.1228 1)
(750.074 18.1134 1)
(750.328 12.6683 1)
(755.126 9.48853 1)
(745.863 9.36682 1)
(740.05 11.1481 1)
(737.5 6.91173 1)
(287.006 32.5042 1)
(874.796 91.5482 1)
(879.884 83.3839 1)
(889.112 83.1354 1)
(884.531 75.4384 1)
(893.434 75.284 1)
(875.624 75.6654 1)
(889 68.0167 1)
(898.109 82.7899 1)
(902.3 74.9441 1)
(907.475 82.6662 1)
(911.132 74.5784 1)
(906.398 67.686 1)
(915.081 67.3771 1)
(919.815 74.1708 1)
(910.012 60.5684 1)
(923.722 66.5034 1)
(928.547 73.5604 1)
(932.419 65.6093 1)
(937.318 72.9311 1)
(924.642 81.4063 1)
(942.713 65.1924 1)
(946.554 72.6043 1)
(942.628 82.109 1)
(951.922 79.4966 1)
(955.593 71.8376 1)
(960.769 78.7767 1)
(964.821 71.2553 1)
(971.272 80.2757 1)
(974.218 70.4505 1)
(979.085 77.1126 1)
(880.356 68.4224 1)
(872.076 68.7091 1)
(870.621 83.182 1)
(124.794 91.4586 1)
(119.863 83.3185 1)
(110.846 83.1245 1)
(115.373 75.5375 1)
(106.543 75.2987 1)
(123.958 75.4563 1)
(110.905 68.0197 1)
(101.882 82.8042 1)
(97.6942 74.949 1)
(92.5226 82.6694 1)
(88.8672 74.5797 1)
(93.6012 67.6871 1)
(84.9182 67.3775 1)
(80.1849 74.171 1)
(89.9883 60.5686 1)
(76.2785 66.5038 1)
(71.4528 73.5605 1)
(67.581 65.6093 1)
(62.6823 72.9311 1)
(75.3582 81.4063 1)
(57.2869 65.1924 1)
(53.4461 72.6043 1)
(57.3724 82.109 1)
(48.078 79.4966 1)
(44.4072 71.8376 1)
(39.2314 78.7767 1)
(35.1789 71.2553 1)
(28.7246 80.2755 1)
(25.7821 70.4479 1)
(20.9126 77.1117 1)
(119.508 68.3416 1)
(127.929 68.2086 1)
(132.475 74.8976 1)
(135.787 67.6398 1)
(131.245 61.7317 1)
(138.965 83.5071 1)
(102.32 68.2117 1)
(106.579 60.7611 1)
(897.66 68.2078 1)
(893.567 60.8043 1)
(510.368 37.9795 1)
(224.019 40.2228 1)
(218.889 37.4445 1)
(213.836 40.743 1)
(213.082 34.4823 1)
(208.824 38.6072 1)
(214.118 28.3697 1)
(550.856 39.4722 1)
(427.854 62.7177 1)
(348.546 38.2269 1)
(354.261 33.1399 1)
(754.926 92.0008 1)
(829.557 83.9863 1)
(649.161 19.5017 1)
(650.374 9.67339 1)
(503.05 36.4914 1)
(413.278 16.2933 1)
(411.742 10.7412 1)
(406.15 8.79652 1)
(301.935 15.6768 1)
(300.911 9.75173 1)
(806.008 59.6472 1)
(695.397 16.2656 1)
(695.325 9.84298 1)
(450.976 37.3189 1)
(455.342 32.4708 1)
(74.8663 91.4169 1)
(925.134 91.4169 1)
(460.03 82.1882 1)
(508.23 62.4341 1)
(582.589 10.3185 1)
(578.483 14.4814 1)
(576.932 8.88983 1)
(573.801 13.3686 1)
(517.5 6.62004 1)
(610.711 36.9139 1)
(251.11 35.7537 1)
(245.051 32.3093 1)
(240.055 24.3355 1)
(351.155 27.0332 1)
(482.497 13.815 1)
(477.017 12.0512 1)
(735.575 90.2049 1)
(295.324 91.0626 1)
(543.414 38.0468 1)
(450.239 62.9948 1)
(695.433 91.7848 1)
(676.726 90.3143 1)
(774.94 92.1462 1)
(355.344 91.7076 1)
(375.026 91.3663 1)
(655.186 92.106 1)
(395.653 91.7066 1)
(614.506 91.8 1)
(433.855 89.9702 1)
(455.412 91.3212 1)
(494.835 91.4874 1)
(474.092 91.7513 1)
(514.756 89.9779 1)
(555.162 91.4335 1)
(742.814 38.6878 1)
(193.814 59.21 1)
(635.755 91.2022 1)
(369.675 15.2377 1)
(369.066 9.49515 1)
(377.69 7.10955 1)
(363.382 9.96546 1)
(760.04 13.1152 1)
(764.915 11.0755 1)
(769.655 13.6313 1)
(774.481 11.2559 1)
(778.945 13.7882 1)
(783.663 11.4732 1)
(788.07 13.8663 1)
(787.957 9.34254 1)
(792.325 11.2967 1)
(779.504 8.43855 1)
(787.909 19.1921 1)
(792.191 21.3173 1)
(792.645 27.1268 1)
(856.532 66.6024 1)
(310.735 36.988 1)
(316.595 32.0826 1)
(842.139 62.2307 1)
(847.44 56.4521 1)
(391.349 14.361 1)
(388.387 9.84604 1)
(610.714 9.72792 1)
(228.361 19.8078 1)
(585.015 38.7287 1)
(468.449 8.85515 1)
(54.4586 91.8454 1)
(945.541 91.8454 1)
(759.852 36.4396 1)
(759.869 30.2726 1)
(35.5772 86.9467 1)
(964.421 86.9473 1)
(323.187 35.3754 1)
(676.496 7.84272 1)
(682.54 27.9066 1)
(779.366 68.1604 1)
(280.12 35.6209 1)
(300.456 59.9508 1)
(680.318 63.0273 1)
(361.036 36.2485 1)
(496.68 28.1382 1)
(472.438 19.2954 1)
(204.999 12.5017 1)
(208.336 4.33052 1)
(219.113 14.7078 1)
(223.335 11.9279 1)
(218.511 9.34823 1)
(222.93 6.90055 1)
(227.485 9.77204 1)
(750.7 83.0006 1)
(787.93 29.8163 1)
(787.847 34.8819 1)
(783.594 38.3873 1)
(272.441 34.197 1)
(432.223 38.4091 1)
(425.232 36.3757 1)
(128.972 83.3665 1)
(158.328 62.1184 1)
(152.681 56.4507 1)
(224.093 34.199 1)
(884.188 61.6721 1)
(115.828 61.6291 1)
(143.603 66.3087 1)
(286.319 69.1906 1)
(286.294 60.9682 1)
(729.932 11.8869 1)
(285.635 8.69604 1)
(365.583 57.5823 1)
(580.155 20.1407 1)
(95.9666 91.2226 1)
(904.031 91.2197 1)
(15.0702 90.7619 1)
(984.903 90.7737 1)
(598.907 23.5726 1)
(360.166 83.6412 1)
(975.055 57.5906 1)
(24.9515 57.5755 1)
(630.695 17.4435 1)
(607.418 62.6745 1)
(566.058 62.2059 1)
(41.0036 63.4633 1)
(958.999 63.4649 1)
(441.215 82.3537 1)
(767.506 3.91666 1)
(867.312 75.4075 1)
(723.56 55.1533 1)
(239.815 36.5689 1)
(533.684 19.3224 1)
(872.599 55.9141 1)
(795.964 37.6777 1)
(247.5 4.33013 1)
(236.907 4.96293 1)
(932.246 57.0077 1)
(67.7979 56.9819 1)
(204.404 41.9896 1)
(829.353 58.2082 1)
(637.807 7.95718 1)
(757.526 4.36844 1)
(648.621 61.9214 1)
(795.67 42.5 1)
(662.48 49.1449 1)
(655.301 49.2787 1)
(287.387 53.4177 1)
(275.575 12.9345 1)
(277.319 7.68024 1)
(747.5 4.33013 1)
(251.233 29.3974 1)
(642.076 47.6609 1)
(276.026 91.8565 1)
(262.1 84.011 1)
(604.898 8.90654 1)
(805.529 81.9629 1)
(379.329 36.0359 1)
(286.56 77.4496 1)
(448.706 30.772 1)
(865.889 55.6081 1)
(861.405 61.1835 1)
(613.788 31.337 1)
(775.895 40.233 1)
(194.621 81.6983 1)
(235.636 81.2217 1)
(422.418 30.1474 1)
(208.934 30.3102 1)
(669.573 39.2391 1)
(341.565 35.9899 1)
(276.394 62.0886 1)
(727.619 4.18215 1)
(267.545 4.4881 1)
(717.563 4.62136 1)
(714.775 9.02701 1)
(392.731 20.6061 1)
(541.194 83.1762 1)
(707.537 4.08333 1)
(697.69 4.5766 1)
(297.664 4.4246 1)
(307.736 4.32897 1)
(687.617 4.37505 1)
(317.754 4.15908 1)
(569.169 36.788 1)
(327.945 4.33336 1)
(668.044 4.12931 1)
(337.777 4.15433 1)
(647.518 4.49311 1)
(657.58 4.32659 1)
(347.902 4.78485 1)
(617.426 4.08739 1)
(628.083 4.27189 1)
(367.005 4.74518 1)
(607.558 4.52559 1)
(387.732 4.58344 1)
(397.032 5.05824 1)
(587.944 4.21285 1)
(427.263 5.00481 1)
(417.919 4.1743 1)
(567.489 4.30928 1)
(437.596 4.10893 1)
(547.77 4.8683 1)
(537.807 4.53862 1)
(535.236 9.1821 1)
(529.712 8.8237 1)
(527.357 4.28293 1)
(458.194 4.2716 1)
(497.987 4.31935 1)
(477.372 4.44071 1)
(487.585 4.3087 1)
(785.866 46.9008 1)
(604.101 55.0837 1)
(562.939 54.7111 1)
(214.05 46.6701 1)
(204.679 27.6625 1)
(759.421 56.0953 1)
(450.152 83.2771 1)
(16.117 70.1241 1)
(983.886 70.1378 1)
(170.369 54.8454 1)
(488.519 52.6909 1)
(309.224 30.3168 1)
(462.102 52.8299 1)
(186.987 54.3034 1)
(813.078 54.3469 1)
(257.451 52.0802 1)
(337.407 11.8999 1)
(318.513 22.3485 1)
(699.809 32.0465 1)
(686.853 52.1812 1)
(145.578 59.5883 1)
(292.632 28.847 1)
(221.015 68.343 1)
(545.394 64.731 1)
(734.393 25.8525 1)
(325.029 73.0858 1)
(541.855 9.70849 1)
(717.921 50.8266 1)
(349.682 82.9352 1)
(753.931 52.4963 1)
(358.238 55.169 1)
(267.119 31.6037 1)
(570.247 9.86554 1)
(660.19 65.4586 1)
(319.246 53.7855 1)
(743.931 32.5543 1)
(915.829 82.0103 1)
(84.1714 82.0103 1)
(127.447 55.7715 1)
(500.035 83.9831 1)
(559.225 83.182 1)
(854.463 59.6371 1)
(864.248 67.9764 1)
(526.659 29.2626 1)
(764.955 52.7977 1)
(521.743 82.7451 1)
(509.282 31.1179 1)
(666.521 32.4622 1)
(416.333 53.876 1)
(549.623 32.5585 1)
(396.752 54.5868 1)
(592.049 40.1088 1)
(405.547 30.6889 1)
(300.171 52.4548 1)
(933.368 80.7412 1)
(66.6317 80.7412 1)
(876.384 62.0358 1)
(507.602 3.58687 1)
(788.511 39.8663 1)
(751.509 74.3793 1)
(275.545 54.5653 1)
(257.573 4.04108 1)
(338.044 54.6925 1)
(528.854 54.0946 1)
(663.906 26.6567 1)
(650.107 36.3481 1)
(861.29 81.8846 1)
(722.073 78.8759 1)
(992.684 84.6893 1)
(347.961 73.4504 1)
(310.805 79.315 1)
(774.489 27.2292 1)
(769.904 8.27262 1)
(105.658 91.4252 1)
(894.333 91.4241 1)
(566.455 30.2166 1)
(543.347 57.3642 1)
(408.291 80.3345 1)
(391.753 74.0567 1)
(480.462 72.5305 1)
(600.379 83.5155 1)
(729.265 75.3254 1)
(641.876 83.3191 1)
(276.047 18.7307 1)
(227.494 4.27577 1)
(644.257 8.91594 1)
(611.439 56.1444 1)
(7.30538 84.6909 1)
(570.24 55.8531 1)
(123.693 61.8865 1)
(736.052 34.5537 1)
(495.857 54.3347 1)
(765.103 82.583 1)
(469.116 54.5769 1)
(764.908 27.4184 1)
(355.098 22.8139 1)
(940.574 56.9247 1)
(59.4261 56.9247 1)
(992.33 65.1929 1)
(7.67241 65.1864 1)
(680.325 55.3061 1)
(582.05 26.2255 1)
(267.645 38.0884 1)
(742.223 59.1025 1)
(440 8.74851 1)
(838.129 82.4029 1)
(714.886 91.1145 1)
(213.484 7.08307 1)
(162.124 82.2378 1)
(787.709 4.64718 1)
(563.93 8.71224 1)
(795.649 7.7255 1)
(287.5 4.14934 1)
(584.48 58.092 1)
(482.478 80.4971 1)
(793.009 82.4553 1)
(770.442 55.4035 1)
(625.846 58.3125 1)
(670.365 83.353 1)
(207.144 82.2146 1)
(418.165 61.422 1)
(393.016 83.0809 1)
(632.535 22.933 1)
(650.802 84.2481 1)
(407.613 4.06689 1)
(264.452 8.54622 1)
(577.402 3.61693 1)
(458.68 26.9788 1)
(406.885 37.2703 1)
(725.92 8.64173 1)
(469.397 84.0816 1)
(414.414 92.5732 1)
(229.661 54.933 1)
(310.963 9.05932 1)
(219.459 61.5925 1)
(691.46 84.0654 1)
(463.029 34.1066 1)
(491.305 26.237 1)
(467.238 4.15015 1)
(781.078 61.5387 1)
(777.5 3.93984 1)
(772.79 63.0833 1)
(653.091 56.0979 1)
(868.767 61.9045 1)
(134.342 55.6522 1)
(760.851 8.1706 1)
(398.14 62.0548 1)
(628.345 27.6868 1)
(388.201 26.1471 1)
(331.444 51.7281 1)
(679.157 23.3092 1)
(498.557 61.873 1)
(652.574 42.6207 1)
(615.135 63.2406 1)
(204.322 57.6968 1)
(281.792 22.5576 1)
(573.735 62.9697 1)
(370.658 52.0611 1)
(229.876 61.1081 1)
(447.498 3.65887 1)
(294.672 8.36533 1)
(84.3288 55.5303 1)
(915.673 55.5308 1)
(479.961 8.86258 1)
(795.695 57.7142 1)
(49.3289 66.198 1)
(950.672 66.1984 1)
(335.264 92.6953 1)
(138.61 60.9839 1)
(817.901 53.7069 1)
(709.687 8.37907 1)
(609.708 84.3509 1)
(470.018 30.6077 1)
(182.258 53.7733 1)
(421.766 8.54019 1)
(834.055 54.5497 1)
(463.824 60.1171 1)
(672.738 32.6495 1)
(240.264 8.30238 1)
(567.447 83.0065 1)
(243.362 92.4604 1)
(501.823 9.12981 1)
(155.562 92.6307 1)
(701.155 8.54385 1)
(535.908 24.1997 1)
(379.141 84.4564 1)
(314.552 92.4679 1)
(293.583 56.7902 1)
(377.733 54.6102 1)
(711.026 54.5451 1)
(845 93.2267 1)
(715.214 17.4838 1)
(204.246 37.0339 1)
(660.196 84.5556 1)
(597.675 3.22971 1)
(578.053 31.4572 1)
(165.22 54.0135 1)
(386.515 63.1482 1)
(430.355 55.9039 1)
(742.133 83.9135 1)
(530.977 61.0353 1)
(524.848 8.27211 1)
(400 8.24307 1)
(392.347 66.7974 1)
(753.424 59.3889 1)
(728.17 83.6623 1)
(357.395 3.27652 1)
(473.804 9.19652 1)
(282.34 28.2257 1)
(509.924 55.451 1)
(690 8.2101 1)
(302.907 84.4281 1)
(187.526 84.3145 1)
(637.628 3.25319 1)
(381.623 8.89042 1)
(648.405 47.8131 1)
(538.17 62.8327 1)
(200.737 84.7333 1)
(686.787 59.4518 1)
(389.393 31.9596 1)
(325.597 56.9554 1)
(112.711 55.4577 1)
(887.32 55.4794 1)
(799.342 85.0176 1)
(227.689 14.6567 1)
(795.949 13.0986 1)
(792.114 16.141 1)
(750.282 8.06103 1)
(340.534 8.22845 1)
(229.058 85.2216 1)
(812.612 84.47 1)
(958.041 55.6747 1)
(41.963 55.6721 1)
(709.39 62.677 1)
(433.767 16.6325 1)
(320.611 8.56552 1)
(631.623 8.84087 1)
(618.152 84.6644 1)
(694.037 70.4749 1)
(442.569 53.6315 1)
(457.603 65.4658 1)
(521.668 52.4523 1)
(507.615 84.4476 1)
(305.196 7.97127 1)
(277.667 3.58352 1)
(747.732 62.1077 1)
(540.495 70.1206 1)
(232.06 8.04879 1)
(462.444 7.99902 1)
(257.205 92.2593 1)
(281.298 84.8369 1)
(716.391 13.2406 1)
(774.848 33.3037 1)
(167.966 77.5111 1)
(796.999 27.406 1)
(557.561 3.07951 1)
(796.346 23.1542 1)
(401.491 85.5052 1)
(242.84 54.5432 1)
(335 7.87117 1)
(365.445 20.3083 1)
(622.651 26.8525 1)
(415.448 8.10075 1)
(233.961 51.2682 1)
(360.398 24.2219 1)
(429.931 20.9138 1)
(832.54 77.7317 1)
(106.172 54.441 1)
(893.863 54.4539 1)
(714.834 22.8168 1)
(791.287 32.156 1)
(224.712 63.4908 1)
(678.074 3.99949 1)
(333.139 16.136 1)
(515.955 57.8649 1)
(625.737 8.22765 1)
(495.762 8.33899 1)
(527.137 36.1768 1)
(323.139 23.6809 1)
(734.424 9.8664 1)
(698.328 59.5653 1)
(810.699 58.2167 1)
(281.405 57.2824 1)
(146.876 54.0795 1)
(693.064 63.1242 1)
(451.64 70.2897 1)
(969.286 64.4411 1)
(30.7173 64.4333 1)
(671.193 8.19731 1)
(232.396 17.2664 1)
(325.929 64.9639 1)
(853.188 54.0875 1)
(426.018 84.598 1)
(392.403 8.44237 1)
(328.061 19.9705 1)
(575 94.1807 1)
(992.976 57.0866 1)
(7.02371 57.0866 1)
(992.646 92.6456 1)
(901.811 62.6649 1)
(98.1892 62.6649 1)
(694.482 77.5453 1)
(591.43 8.46801 1)
(792.454 40 1)
(7.32051 92.6795 1)
(665.701 8.11203 1)
(203.66 3.66025 1)
(189.37 58.0772 1)
(250.198 7.68809 1)
(20.6711 84.3216 1)
(979.32 84.3239 1)
(659.849 71.9083 1)
(796.365 3.6348 1)
(619.894 7.85028 1)
(435.17 8.00627 1)
(437.256 12.6047 1)
(172.737 59.4671 1)
(664.471 43.238 1)
(222.5 2.94891 1)
(380.1 62.0317 1)
(675.488 16.268 1)
(737.516 3.06761 1)
(800.754 59.7264 1)
(212.946 85.4035 1)
(775.067 7.1105 1)
(237.108 19.5583 1)
(758.827 85.6201 1)
(660.264 7.53207 1)
(475.121 22.8936 1)
(207.893 34.4495 1)
(255.419 84.0869 1)
(771.15 85.8409 1)
(199.299 59.5658 1)
(431.531 25.384 1)
(288.755 85.3987 1)
(678.013 32.1124 1)
(492.345 30.9883 1)
(259.942 7.35446 1)
(330.831 7.50391 1)
(708.515 85.388 1)
(490.246 7.44186 1)
(532.928 27.7447 1)
(377.5 3.02672 1)
(315.179 7.47043 1)
(829.109 53.4598 1)
(245.83 50.8683 1)
(35 94.5372 1)
(965 94.5372 1)
(784.211 7.57798 1)
(212.942 3.0963 1)
(21.9037 64.4362 1)
(226.378 72.7788 1)
(721.035 85.7144 1)
(551.445 7.99319 1)
(436.126 58.4439 1)
(791.946 36.1642 1)
(320.383 68.1388 1)
(476.492 39.4855 1)
(978.102 64.4793 1)
(474.498 15.1668 1)
(341.359 85.7181 1)
(489.09 34.9391 1)
(517.5 2.83797 1)
(545 7.358 1)
(141.758 93.2118 1)
(318.538 26.9684 1)
(908.466 54.2452 1)
(91.5342 54.2452 1)
(730.207 7.819 1)
(310.041 86.5973 1)
(356.126 27.6686 1)
(787.343 85.6527 1)
(680.908 7.89405 1)
(453.425 76.9605 1)
(281.749 65.0544 1)
(684.74 84.5835 1)
(855 94.9719 1)
(265.235 77.6122 1)
(621.649 62.9718 1)
(618.665 30.9643 1)
(705.156 7.3301 1)
(840.839 88.0214 1)
(654.99 61.9768 1)
(363.678 77.0245 1)
(614.517 7.77399 1)
(196.427 53.9505 1)
(585.734 7.86267 1)
(580.227 62.8196 1)
(919.34 61.5254 1)
(80.6624 61.5261 1)
(385.294 7.55459 1)
(289.894 7.16272 1)
(803.51 54.0892 1)
(717.713 25.7385 1)
(351.571 7.99348 1)
(570.07 15.3421 1)
(410.051 87.1807 1)
(483.801 33.6458 1)
(281.182 7.97329 1)
(779.927 39.3435 1)
(409.874 7.11313 1)
(476.482 84.7444 1)
(542.405 76.9274 1)
(70.605 86.1901 1)
(929.395 86.1901 1)
(49.8267 86.3323 1)
(43.6248 84.6004 1)
(950.173 86.3323 1)
(956.375 84.6004 1)
(273.718 8.3807 1)
(791.458 7.65295 1)
(734.988 30.0763 1)
(431.179 7.929 1)
(985.954 80.0576 1)
(182.67 78.7835 1)
(14.0437 80.0519 1)
(159.38 87.75 1)
(72.3572 61.3906 1)
(927.652 61.386 1)
(456.56 8.08902 1)
(765 6.97613 1)
(366.53 12.5836 1)
(521.144 7.70225 1)
(785.723 42.6144 1)
(242.265 27.8319 1)
(709.215 31.1542 1)
(817.579 78.9267 1)
(319.701 78.7702 1)
(344.482 7.99079 1)
)


// ************************************************************************* //
